scene,level,seed,task,arm,abstained,classes_fell_back,exposed,planned,violation,collision,reached,length,clearance,obst_clearance,success,oracle_length
v3_sc0_staging_19,L0,0,0,uncalibrated,False,0,True,True,False,False,True,4.7192388155425125,0.7000000000000001,0.4,True,4.7192388155425125
v3_sc0_staging_19,L0,0,0,label_cell,False,0,False,True,False,False,True,4.7192388155425125,0.55,0.55,True,4.7192388155425125
v3_sc0_staging_19,L0,0,0,geometry,False,0,False,True,False,False,True,4.7192388155425125,0.55,0.55,True,4.7192388155425125
v3_sc0_staging_19,L0,0,0,label_only,False,0,False,False,False,False,False,nan,nan,nan,False,4.7192388155425125
v3_sc0_staging_19,L0,0,0,pose_only,False,0,True,True,False,False,True,4.7192388155425125,0.7000000000000001,0.4,True,4.7192388155425125
v3_sc0_staging_19,L0,0,0,separate,False,0,False,False,False,False,False,nan,nan,nan,False,4.7192388155425125
v3_sc0_staging_19,L0,0,0,joint,False,0,False,False,False,False,False,nan,nan,nan,False,4.7192388155425125
v3_sc0_staging_19,L0,0,0,oracle,False,0,False,True,False,False,True,4.7192388155425125,0.7000000000000001,0.4,True,4.7192388155425125
v3_sc0_staging_19,L0,0,1,uncalibrated,False,0,True,True,False,False,True,6.012741699796953,0.5024937810560445,0.4,True,5.812741699796952
v3_sc0_staging_19,L0,0,1,label_cell,False,0,False,False,False,False,False,nan,nan,nan,False,5.812741699796952
v3_sc0_staging_19,L0,0,1,geometry,False,0,False,False,False,False,False,nan,nan,nan,False,5.812741699796952
v3_sc0_staging_19,L0,0,1,label_only,False,0,False,False,False,False,False,nan,nan,nan,False,5.812741699796952
v3_sc0_staging_19,L0,0,1,pose_only,False,0,True,True,False,False,True,6.012741699796953,0.5024937810560445,0.4,True,5.812741699796952
v3_sc0_staging_19,L0,0,1,separate,False,0,False,False,False,False,False,nan,nan,nan,False,5.812741699796952
v3_sc0_staging_19,L0,0,1,joint,False,0,False,False,False,False,False,nan,nan,nan,False,5.812741699796952
v3_sc0_staging_19,L0,0,1,oracle,False,0,False,True,False,False,True,5.812741699796952,0.5147815070493501,0.20615528128088303,True,5.812741699796952
v3_sc0_staging_19,L0,0,2,uncalibrated,False,0,True,True,False,False,True,5.388477631085024,0.9,0.20615528128088303,True,5.388477631085024
v3_sc0_staging_19,L0,0,2,label_cell,False,0,False,True,False,False,True,5.388477631085024,0.6184658438426491,0.5024937810560445,True,5.388477631085024
v3_sc0_staging_19,L0,0,2,geometry,False,0,False,True,False,False,True,5.388477631085024,0.6184658438426491,0.5024937810560445,True,5.388477631085024
v3_sc0_staging_19,L0,0,2,label_only,False,0,False,False,False,False,False,nan,nan,nan,False,5.388477631085024
v3_sc0_staging_19,L0,0,2,pose_only,False,0,True,True,False,False,True,5.388477631085024,0.9,0.20615528128088303,True,5.388477631085024
v3_sc0_staging_19,L0,0,2,separate,False,0,False,False,False,False,False,nan,nan,nan,False,5.388477631085024
v3_sc0_staging_19,L0,0,2,joint,False,0,False,False,False,False,False,nan,nan,nan,False,5.388477631085024
v3_sc0_staging_19,L0,0,2,oracle,False,0,False,True,False,False,True,5.388477631085024,0.9,0.20615528128088303,True,5.388477631085024
v3_sc0_staging_19,L0,0,3,uncalibrated,False,0,True,True,False,False,True,4.912132034355964,0.7000000000000001,0.4,True,4.88284271247462
v3_sc0_staging_19,L0,0,3,label_cell,False,0,False,True,False,False,True,4.912132034355965,0.55,0.5385164807134504,True,4.88284271247462
v3_sc0_staging_19,L0,0,3,geometry,False,0,False,True,False,False,True,4.912132034355965,0.55,0.5385164807134504,True,4.88284271247462
v3_sc0_staging_19,L0,0,3,label_only,False,0,False,False,False,False,False,nan,nan,nan,False,4.88284271247462
v3_sc0_staging_19,L0,0,3,pose_only,False,0,True,True,False,False,True,4.912132034355964,0.7000000000000001,0.4,True,4.88284271247462
v3_sc0_staging_19,L0,0,3,separate,False,0,False,False,False,False,False,nan,nan,nan,False,4.88284271247462
v3_sc0_staging_19,L0,0,3,joint,False,0,False,False,False,False,False,nan,nan,nan,False,4.88284271247462
v3_sc0_staging_19,L0,0,3,oracle,False,0,False,True,False,False,True,4.88284271247462,0.7000000000000001,0.4,True,4.88284271247462
v3_sc0_staging_19,L0,0,4,uncalibrated,False,0,True,True,False,False,True,5.850609665440988,0.5147815070493501,0.4609772228646444,True,5.850609665440988
v3_sc0_staging_19,L0,0,4,label_cell,False,0,False,False,False,False,False,nan,nan,nan,False,5.850609665440988
v3_sc0_staging_19,L0,0,4,geometry,False,0,False,False,False,False,False,nan,nan,nan,False,5.850609665440988
v3_sc0_staging_19,L0,0,4,label_only,False,0,False,False,False,False,False,nan,nan,nan,False,5.850609665440988
v3_sc0_staging_19,L0,0,4,pose_only,False,0,True,True,False,False,True,5.850609665440988,0.5147815070493501,0.4609772228646444,True,5.850609665440988
v3_sc0_staging_19,L0,0,4,separate,False,0,False,False,False,False,False,nan,nan,nan,False,5.850609665440988
v3_sc0_staging_19,L0,0,4,joint,False,0,False,False,False,False,False,nan,nan,nan,False,5.850609665440988
v3_sc0_staging_19,L0,0,4,oracle,False,0,False,True,False,False,True,5.850609665440988,0.5147815070493501,0.4301162633521314,True,5.850609665440988
v3_sc0_staging_19,L0,0,5,uncalibrated,False,0,True,True,False,False,True,5.517766952966369,0.8,0.30000000000000004,True,5.517766952966369
v3_sc0_staging_19,L0,0,5,label_cell,False,0,False,True,False,False,True,5.517766952966369,0.6000000000000001,0.5024937810560445,True,5.517766952966369
v3_sc0_staging_19,L0,0,5,geometry,False,0,False,True,False,False,True,5.517766952966369,0.6000000000000001,0.5024937810560445,True,5.517766952966369
v3_sc0_staging_19,L0,0,5,label_only,False,0,False,False,False,False,False,nan,nan,nan,False,5.517766952966369
v3_sc0_staging_19,L0,0,5,pose_only,False,0,True,True,False,False,True,5.517766952966369,0.8,0.30000000000000004,True,5.517766952966369
v3_sc0_staging_19,L0,0,5,separate,False,0,False,False,False,False,False,nan,nan,nan,False,5.517766952966369
v3_sc0_staging_19,L0,0,5,joint,False,0,False,False,False,False,False,nan,nan,nan,False,5.517766952966369
v3_sc0_staging_19,L0,0,5,oracle,False,0,False,True,False,False,True,5.517766952966369,0.8,0.30000000000000004,True,5.517766952966369
v3_sc0_staging_19,L0,0,6,uncalibrated,False,0,True,False,False,False,False,nan,nan,nan,False,5.210660171779821
v3_sc0_staging_19,L0,0,6,label_cell,False,0,False,False,False,False,False,nan,nan,nan,False,5.210660171779821
v3_sc0_staging_19,L0,0,6,geometry,False,0,False,False,False,False,False,nan,nan,nan,False,5.210660171779821
v3_sc0_staging_19,L0,0,6,label_only,False,0,False,False,False,False,False,nan,nan,nan,False,5.210660171779821
v3_sc0_staging_19,L0,0,6,pose_only,False,0,True,False,False,False,False,nan,nan,nan,False,5.210660171779821
v3_sc0_staging_19,L0,0,6,separate,False,0,False,False,False,False,False,nan,nan,nan,False,5.210660171779821
v3_sc0_staging_19,L0,0,6,joint,False,0,False,False,False,False,False,nan,nan,nan,False,5.210660171779821
v3_sc0_staging_19,L0,0,6,oracle,False,0,False,True,False,False,True,5.210660171779821,0.5220153254455275,0.223606797749979,True,5.210660171779821
v3_sc0_staging_19,L0,0,7,uncalibrated,False,0,True,True,False,False,True,9.03761543394987,0.5099019513592785,0.20615528128088303,True,8.803300858899107
v3_sc0_staging_19,L0,0,7,label_cell,False,0,False,False,False,False,False,nan,nan,nan,False,8.803300858899107
v3_sc0_staging_19,L0,0,7,geometry,False,0,False,False,False,False,False,nan,nan,nan,False,8.803300858899107
v3_sc0_staging_19,L0,0,7,label_only,False,0,False,False,False,False,False,nan,nan,nan,False,8.803300858899107
v3_sc0_staging_19,L0,0,7,pose_only,False,0,True,True,False,False,True,9.03761543394987,0.5099019513592785,0.20615528128088303,True,8.803300858899107
v3_sc0_staging_19,L0,0,7,separate,False,0,False,False,False,False,False,nan,nan,nan,False,8.803300858899107
v3_sc0_staging_19,L0,0,7,joint,False,0,False,False,False,False,False,nan,nan,nan,False,8.803300858899107
v3_sc0_staging_19,L0,0,7,oracle,False,0,False,True,False,False,True,8.803300858899107,0.5099019513592785,0.20615528128088303,True,8.803300858899107
v3_sc0_staging_19,L0,0,8,uncalibrated,False,0,True,True,False,False,True,4.212741699796951,0.6000000000000001,0.55,True,4.212741699796951
v3_sc0_staging_19,L0,0,8,label_cell,False,0,False,True,False,False,True,4.212741699796951,0.6000000000000001,0.55,True,4.212741699796951
v3_sc0_staging_19,L0,0,8,geometry,False,0,False,True,False,False,True,4.212741699796951,0.6000000000000001,0.55,True,4.212741699796951
v3_sc0_staging_19,L0,0,8,label_only,False,0,False,False,False,False,False,nan,nan,nan,False,4.212741699796951
v3_sc0_staging_19,L0,0,8,pose_only,False,0,True,True,False,False,True,4.212741699796951,0.6000000000000001,0.55,True,4.212741699796951
v3_sc0_staging_19,L0,0,8,separate,False,0,False,False,False,False,False,nan,nan,nan,False,4.212741699796951
v3_sc0_staging_19,L0,0,8,joint,False,0,False,False,False,False,False,nan,nan,nan,False,4.212741699796951
v3_sc0_staging_19,L0,0,8,oracle,False,0,False,True,False,False,True,4.212741699796951,0.6000000000000001,0.55,True,4.212741699796951
v3_sc0_staging_19,L0,0,9,uncalibrated,False,0,True,False,False,False,False,nan,nan,nan,False,4.839949493661167
v3_sc0_staging_19,L0,0,9,label_cell,False,0,False,False,False,False,False,nan,nan,nan,False,4.839949493661167
v3_sc0_staging_19,L0,0,9,geometry,False,0,False,False,False,False,False,nan,nan,nan,False,4.839949493661167
v3_sc0_staging_19,L0,0,9,label_only,False,0,False,False,False,False,False,nan,nan,nan,False,4.839949493661167
v3_sc0_staging_19,L0,0,9,pose_only,False,0,True,False,False,False,False,nan,nan,nan,False,4.839949493661167
v3_sc0_staging_19,L0,0,9,separate,False,0,False,False,False,False,False,nan,nan,nan,False,4.839949493661167
v3_sc0_staging_19,L0,0,9,joint,False,0,False,False,False,False,False,nan,nan,nan,False,4.839949493661167
v3_sc0_staging_19,L0,0,9,oracle,False,0,False,True,False,False,True,4.839949493661167,0.5024937810560445,0.30000000000000004,True,4.839949493661167
v3_sc0_staging_19,L0,0,10,uncalibrated,False,0,True,True,False,False,True,5.517766952966369,0.5024937810560445,0.4609772228646444,True,5.517766952966369
v3_sc0_staging_19,L0,0,10,label_cell,False,0,False,False,False,False,False,nan,nan,nan,False,5.517766952966369
v3_sc0_staging_19,L0,0,10,geometry,False,0,False,False,False,False,False,nan,nan,nan,False,5.517766952966369
v3_sc0_staging_19,L0,0,10,label_only,False,0,False,False,False,False,False,nan,nan,nan,False,5.517766952966369
v3_sc0_staging_19,L0,0,10,pose_only,False,0,True,True,False,False,True,5.517766952966369,0.5024937810560445,0.4609772228646444,True,5.517766952966369
v3_sc0_staging_19,L0,0,10,separate,False,0,False,False,False,False,False,nan,nan,nan,False,5.517766952966369
v3_sc0_staging_19,L0,0,10,joint,False,0,False,False,False,False,False,nan,nan,nan,False,5.517766952966369
v3_sc0_staging_19,L0,0,10,oracle,False,0,False,True,False,False,True,5.517766952966369,0.5024937810560445,0.36055512754639896,True,5.517766952966369
v3_sc0_staging_19,L0,0,11,uncalibrated,False,0,True,True,False,False,True,4.504163056034262,0.7280109889280518,0.4,True,4.504163056034262
v3_sc0_staging_19,L0,0,11,label_cell,False,0,False,True,False,False,True,4.504163056034261,0.6184658438426491,0.5024937810560445,True,4.504163056034262
v3_sc0_staging_19,L0,0,11,geometry,False,0,False,True,False,False,True,4.504163056034261,0.6184658438426491,0.5024937810560445,True,4.504163056034262
v3_sc0_staging_19,L0,0,11,label_only,False,0,False,False,False,False,False,nan,nan,nan,False,4.504163056034262
v3_sc0_staging_19,L0,0,11,pose_only,False,0,True,True,False,False,True,4.504163056034262,0.7280109889280518,0.4,True,4.504163056034262
v3_sc0_staging_19,L0,0,11,separate,False,0,False,False,False,False,False,nan,nan,nan,False,4.504163056034262
v3_sc0_staging_19,L0,0,11,joint,False,0,False,False,False,False,False,nan,nan,nan,False,4.504163056034262
v3_sc0_staging_19,L0,0,11,oracle,False,0,False,True,False,False,True,4.504163056034262,0.7280109889280518,0.4,True,4.504163056034262
v3_sc0_staging_19,L0,0,12,uncalibrated,False,0,True,True,False,False,True,9.922539674441621,0.5147815070493501,0.30000000000000004,True,9.146803743153548
v3_sc0_staging_19,L0,0,12,label_cell,False,0,False,False,False,False,False,nan,nan,nan,False,9.146803743153548
v3_sc0_staging_19,L0,0,12,geometry,False,0,False,False,False,False,False,nan,nan,nan,False,9.146803743153548
v3_sc0_staging_19,L0,0,12,label_only,False,0,False,False,False,False,False,nan,nan,nan,False,9.146803743153548
v3_sc0_staging_19,L0,0,12,pose_only,False,0,True,True,False,False,True,9.922539674441621,0.5147815070493501,0.30000000000000004,True,9.146803743153548
v3_sc0_staging_19,L0,0,12,separate,False,0,False,False,False,False,False,nan,nan,nan,False,9.146803743153548
v3_sc0_staging_19,L0,0,12,joint,False,0,False,False,False,False,False,nan,nan,nan,False,9.146803743153548
v3_sc0_staging_19,L0,0,12,oracle,False,0,False,True,False,False,True,9.146803743153548,0.5147815070493501,0.20615528128088303,True,9.146803743153548
v3_sc0_staging_19,L0,0,13,uncalibrated,False,0,True,True,False,False,True,4.862132034355965,0.6000000000000001,0.49244289008980524,True,4.832842712474619
v3_sc0_staging_19,L0,0,13,label_cell,False,0,False,True,False,False,True,4.891421356237309,0.55,0.5024937810560445,True,4.832842712474619
v3_sc0_staging_19,L0,0,13,geometry,False,0,False,True,False,False,True,4.891421356237309,0.55,0.5024937810560445,True,4.832842712474619
v3_sc0_staging_19,L0,0,13,label_only,False,0,False,False,False,False,False,nan,nan,nan,False,4.832842712474619
v3_sc0_staging_19,L0,0,13,pose_only,False,0,True,True,False,False,True,4.862132034355965,0.6000000000000001,0.49244289008980524,True,4.832842712474619
v3_sc0_staging_19,L0,0,13,separate,False,0,False,False,False,False,False,nan,nan,nan,False,4.832842712474619
v3_sc0_staging_19,L0,0,13,joint,False,0,False,False,False,False,False,nan,nan,nan,False,4.832842712474619
v3_sc0_staging_19,L0,0,13,oracle,False,0,False,True,False,False,True,4.832842712474619,0.6000000000000001,0.42720018726587655,True,4.832842712474619
v3_sc0_staging_19,L0,0,14,uncalibrated,False,0,True,False,False,False,False,nan,nan,nan,False,5.33492424049175
v3_sc0_staging_19,L0,0,14,label_cell,False,0,False,False,False,False,False,nan,nan,nan,False,5.33492424049175
v3_sc0_staging_19,L0,0,14,geometry,False,0,False,False,False,False,False,nan,nan,nan,False,5.33492424049175
v3_sc0_staging_19,L0,0,14,label_only,False,0,False,False,False,False,False,nan,nan,nan,False,5.33492424049175
v3_sc0_staging_19,L0,0,14,pose_only,False,0,True,False,False,False,False,nan,nan,nan,False,5.33492424049175
v3_sc0_staging_19,L0,0,14,separate,False,0,False,False,False,False,False,nan,nan,nan,False,5.33492424049175
v3_sc0_staging_19,L0,0,14,joint,False,0,False,False,False,False,False,nan,nan,nan,False,5.33492424049175
v3_sc0_staging_19,L0,0,14,oracle,False,0,False,True,False,False,True,5.33492424049175,0.5024937810560445,0.21213203435596426,True,5.33492424049175
v3_sc0_staging_19,L0,0,15,uncalibrated,False,0,True,True,False,False,True,3.438477631085023,0.651920240520265,0.28284271247461906,True,3.438477631085023
v3_sc0_staging_19,L0,0,15,label_cell,False,0,False,True,False,False,True,3.438477631085023,0.6184658438426491,0.5024937810560445,True,3.438477631085023
v3_sc0_staging_19,L0,0,15,geometry,False,0,False,True,False,False,True,3.438477631085023,0.6184658438426491,0.5024937810560445,True,3.438477631085023
v3_sc0_staging_19,L0,0,15,label_only,False,0,False,False,False,False,False,nan,nan,nan,False,3.438477631085023
v3_sc0_staging_19,L0,0,15,pose_only,False,0,True,True,False,False,True,3.438477631085023,0.651920240520265,0.28284271247461906,True,3.438477631085023
v3_sc0_staging_19,L0,0,15,separate,False,0,False,False,False,False,False,nan,nan,nan,False,3.438477631085023
v3_sc0_staging_19,L0,0,15,joint,False,0,False,False,False,False,False,nan,nan,nan,False,3.438477631085023
v3_sc0_staging_19,L0,0,15,oracle,False,0,False,True,False,False,True,3.438477631085023,0.651920240520265,0.28284271247461906,True,3.438477631085023
v3_sc0_staging_19,L0,0,16,uncalibrated,False,0,True,True,False,False,True,4.769238815542512,0.65,0.45,True,4.769238815542512
v3_sc0_staging_19,L0,0,16,label_cell,False,0,False,True,False,False,True,4.769238815542512,0.6184658438426491,0.5024937810560445,True,4.769238815542512
v3_sc0_staging_19,L0,0,16,geometry,False,0,False,True,False,False,True,4.769238815542512,0.6184658438426491,0.5024937810560445,True,4.769238815542512
v3_sc0_staging_19,L0,0,16,label_only,False,0,False,False,False,False,False,nan,nan,nan,False,4.769238815542512
v3_sc0_staging_19,L0,0,16,pose_only,False,0,True,True,False,False,True,4.769238815542512,0.65,0.45,True,4.769238815542512
v3_sc0_staging_19,L0,0,16,separate,False,0,False,False,False,False,False,nan,nan,nan,False,4.769238815542512
v3_sc0_staging_19,L0,0,16,joint,False,0,False,False,False,False,False,nan,nan,nan,False,4.769238815542512
v3_sc0_staging_19,L0,0,16,oracle,False,0,False,True,False,False,True,4.769238815542512,0.65,0.45,True,4.769238815542512
v3_sc0_staging_19,L0,0,17,uncalibrated,False,0,True,False,False,False,False,nan,nan,nan,False,4.889949493661167
v3_sc0_staging_19,L0,0,17,label_cell,False,0,False,False,False,False,False,nan,nan,nan,False,4.889949493661167
v3_sc0_staging_19,L0,0,17,geometry,False,0,False,False,False,False,False,nan,nan,nan,False,4.889949493661167
v3_sc0_staging_19,L0,0,17,label_only,False,0,False,False,False,False,False,nan,nan,nan,False,4.889949493661167
v3_sc0_staging_19,L0,0,17,pose_only,False,0,True,False,False,False,False,nan,nan,nan,False,4.889949493661167
v3_sc0_staging_19,L0,0,17,separate,False,0,False,False,False,False,False,nan,nan,nan,False,4.889949493661167
v3_sc0_staging_19,L0,0,17,joint,False,0,False,False,False,False,False,nan,nan,nan,False,4.889949493661167
v3_sc0_staging_19,L0,0,17,oracle,False,0,False,True,False,False,True,4.889949493661167,0.5024937810560445,0.20615528128088303,True,4.889949493661167
v3_sc0_staging_19,L0,0,18,uncalibrated,False,0,True,True,False,False,True,5.047056274847715,0.5024937810560445,0.4716990566028302,True,5.047056274847715
v3_sc0_staging_19,L0,0,18,label_cell,False,0,False,True,False,False,True,5.047056274847715,0.5024937810560445,0.5024937810560445,True,5.047056274847715
v3_sc0_staging_19,L0,0,18,geometry,False,0,False,True,False,False,True,5.047056274847715,0.5024937810560445,0.5024937810560445,True,5.047056274847715
v3_sc0_staging_19,L0,0,18,label_only,False,0,False,False,False,False,False,nan,nan,nan,False,5.047056274847715
v3_sc0_staging_19,L0,0,18,pose_only,False,0,True,True,False,False,True,5.047056274847715,0.5024937810560445,0.4716990566028302,True,5.047056274847715
v3_sc0_staging_19,L0,0,18,separate,False,0,False,False,False,False,False,nan,nan,nan,False,5.047056274847715
v3_sc0_staging_19,L0,0,18,joint,False,0,False,False,False,False,False,nan,nan,nan,False,5.047056274847715
v3_sc0_staging_19,L0,0,18,oracle,False,0,False,True,False,False,True,5.047056274847715,0.5024937810560445,0.3640054944640259,True,5.047056274847715
v3_sc0_staging_19,L0,0,19,uncalibrated,False,0,True,True,False,False,True,4.187005768508881,0.55,0.4949747468305833,True,4.157716446627536
v3_sc0_staging_19,L0,0,19,label_cell,False,0,False,True,False,False,True,4.216295090390225,0.55,0.55,True,4.157716446627536
v3_sc0_staging_19,L0,0,19,geometry,False,0,False,True,False,False,True,4.216295090390225,0.55,0.55,True,4.157716446627536
v3_sc0_staging_19,L0,0,19,label_only,False,0,False,False,False,False,False,nan,nan,nan,False,4.157716446627536
v3_sc0_staging_19,L0,0,19,pose_only,False,0,True,True,False,False,True,4.187005768508881,0.55,0.4949747468305833,True,4.157716446627536
v3_sc0_staging_19,L0,0,19,separate,False,0,False,False,False,False,False,nan,nan,nan,False,4.157716446627536
v3_sc0_staging_19,L0,0,19,joint,False,0,False,False,False,False,False,nan,nan,nan,False,4.157716446627536
v3_sc0_staging_19,L0,0,19,oracle,False,0,False,True,False,False,True,4.157716446627536,0.55,0.4242640687119285,True,4.157716446627536
v3_sc0_staging_19,L2,0,0,uncalibrated,False,0,True,True,False,False,True,4.7192388155425125,0.7000000000000001,0.4,True,4.7192388155425125
v3_sc0_staging_19,L2,0,0,label_cell,False,0,False,True,False,False,True,4.7192388155425125,0.65,0.49244289008980524,True,4.7192388155425125
v3_sc0_staging_19,L2,0,0,geometry,False,0,False,False,False,False,False,nan,nan,nan,False,4.7192388155425125
v3_sc0_staging_19,L2,0,0,label_only,False,0,False,False,False,False,False,nan,nan,nan,False,4.7192388155425125
v3_sc0_staging_19,L2,0,0,pose_only,False,0,False,True,False,False,True,4.7192388155425125,0.7000000000000001,0.4,True,4.7192388155425125
v3_sc0_staging_19,L2,0,0,separate,False,0,False,False,False,False,False,nan,nan,nan,False,4.7192388155425125
v3_sc0_staging_19,L2,0,0,joint,False,0,False,False,False,False,False,nan,nan,nan,False,4.7192388155425125
v3_sc0_staging_19,L2,0,0,oracle,False,0,False,True,False,False,True,4.7192388155425125,0.7000000000000001,0.4,True,4.7192388155425125
v3_sc0_staging_19,L2,0,1,uncalibrated,False,0,True,True,False,False,True,6.112741699796953,0.8139410298049854,0.25,True,5.812741699796952
v3_sc0_staging_19,L2,0,1,label_cell,False,0,False,False,False,False,False,nan,nan,nan,False,5.812741699796952
v3_sc0_staging_19,L2,0,1,geometry,False,0,False,False,False,False,False,nan,nan,nan,False,5.812741699796952
v3_sc0_staging_19,L2,0,1,label_only,False,0,False,False,False,False,False,nan,nan,nan,False,5.812741699796952
v3_sc0_staging_19,L2,0,1,pose_only,False,0,False,False,False,False,False,nan,nan,nan,False,5.812741699796952
v3_sc0_staging_19,L2,0,1,separate,False,0,False,False,False,False,False,nan,nan,nan,False,5.812741699796952
v3_sc0_staging_19,L2,0,1,joint,False,0,False,False,False,False,False,nan,nan,nan,False,5.812741699796952
v3_sc0_staging_19,L2,0,1,oracle,False,0,False,True,False,False,True,5.812741699796952,0.5147815070493501,0.20615528128088303,True,5.812741699796952
v3_sc0_staging_19,L2,0,2,uncalibrated,False,0,True,True,False,False,True,5.388477631085024,0.9,0.2,True,5.388477631085024
v3_sc0_staging_19,L2,0,2,label_cell,False,0,False,True,False,False,True,5.388477631085024,0.65,0.49244289008980524,True,5.388477631085024
v3_sc0_staging_19,L2,0,2,geometry,False,0,False,False,False,False,False,nan,nan,nan,False,5.388477631085024
v3_sc0_staging_19,L2,0,2,label_only,False,0,False,False,False,False,False,nan,nan,nan,False,5.388477631085024
v3_sc0_staging_19,L2,0,2,pose_only,False,0,False,True,False,False,True,5.388477631085024,0.9,0.2,True,5.388477631085024
v3_sc0_staging_19,L2,0,2,separate,False,0,False,False,False,False,False,nan,nan,nan,False,5.388477631085024
v3_sc0_staging_19,L2,0,2,joint,False,0,False,False,False,False,False,nan,nan,nan,False,5.388477631085024
v3_sc0_staging_19,L2,0,2,oracle,False,0,False,True,False,False,True,5.388477631085024,0.9,0.20615528128088303,True,5.388477631085024
v3_sc0_staging_19,L2,0,3,uncalibrated,False,0,True,True,False,False,True,4.88284271247462,0.7000000000000001,0.4,True,4.88284271247462
v3_sc0_staging_19,L2,0,3,label_cell,False,0,False,True,False,False,True,4.912132034355964,0.6000000000000001,0.5,True,4.88284271247462
v3_sc0_staging_19,L2,0,3,geometry,False,0,False,False,False,False,False,nan,nan,nan,False,4.88284271247462
v3_sc0_staging_19,L2,0,3,label_only,False,0,False,False,False,False,False,nan,nan,nan,False,4.88284271247462
v3_sc0_staging_19,L2,0,3,pose_only,False,0,False,False,False,False,False,nan,nan,nan,False,4.88284271247462
v3_sc0_staging_19,L2,0,3,separate,False,0,False,False,False,False,False,nan,nan,nan,False,4.88284271247462
v3_sc0_staging_19,L2,0,3,joint,False,0,False,False,False,False,False,nan,nan,nan,False,4.88284271247462
v3_sc0_staging_19,L2,0,3,oracle,False,0,False,True,False,False,True,4.88284271247462,0.7000000000000001,0.4,True,4.88284271247462
v3_sc0_staging_19,L2,0,4,uncalibrated,False,0,True,True,False,False,True,5.850609665440988,0.55,0.49244289008980524,True,5.850609665440988
v3_sc0_staging_19,L2,0,4,label_cell,False,0,False,False,False,False,False,nan,nan,nan,False,5.850609665440988
v3_sc0_staging_19,L2,0,4,geometry,False,0,False,False,False,False,False,nan,nan,nan,False,5.850609665440988
v3_sc0_staging_19,L2,0,4,label_only,False,0,False,False,False,False,False,nan,nan,nan,False,5.850609665440988
v3_sc0_staging_19,L2,0,4,pose_only,False,0,False,True,False,False,True,5.8920310216782985,0.65,0.45,True,5.850609665440988
v3_sc0_staging_19,L2,0,4,separate,False,0,False,False,False,False,False,nan,nan,nan,False,5.850609665440988
v3_sc0_staging_19,L2,0,4,joint,False,0,False,False,False,False,False,nan,nan,nan,False,5.850609665440988
v3_sc0_staging_19,L2,0,4,oracle,False,0,False,True,False,False,True,5.850609665440988,0.5147815070493501,0.4301162633521314,True,5.850609665440988
v3_sc0_staging_19,L2,0,5,uncalibrated,False,0,True,True,False,False,True,5.517766952966369,0.8,0.30000000000000004,True,5.517766952966369
v3_sc0_staging_19,L2,0,5,label_cell,False,0,False,True,False,False,True,5.517766952966369,0.6000000000000001,0.5,True,5.517766952966369
v3_sc0_staging_19,L2,0,5,geometry,False,0,False,False,False,False,False,nan,nan,nan,False,5.517766952966369
v3_sc0_staging_19,L2,0,5,label_only,False,0,False,False,False,False,False,nan,nan,nan,False,5.517766952966369
v3_sc0_staging_19,L2,0,5,pose_only,False,0,False,True,False,False,True,5.517766952966369,0.8,0.30000000000000004,True,5.517766952966369
v3_sc0_staging_19,L2,0,5,separate,False,0,False,False,False,False,False,nan,nan,nan,False,5.517766952966369
v3_sc0_staging_19,L2,0,5,joint,False,0,False,False,False,False,False,nan,nan,nan,False,5.517766952966369
v3_sc0_staging_19,L2,0,5,oracle,False,0,False,True,False,False,True,5.517766952966369,0.8,0.30000000000000004,True,5.517766952966369
v3_sc0_staging_19,L2,0,6,uncalibrated,False,0,True,False,False,False,False,nan,nan,nan,False,5.210660171779821
v3_sc0_staging_19,L2,0,6,label_cell,False,0,False,False,False,False,False,nan,nan,nan,False,5.210660171779821
v3_sc0_staging_19,L2,0,6,geometry,False,0,False,False,False,False,False,nan,nan,nan,False,5.210660171779821
v3_sc0_staging_19,L2,0,6,label_only,False,0,False,False,False,False,False,nan,nan,nan,False,5.210660171779821
v3_sc0_staging_19,L2,0,6,pose_only,False,0,False,False,False,False,False,nan,nan,nan,False,5.210660171779821
v3_sc0_staging_19,L2,0,6,separate,False,0,False,False,False,False,False,nan,nan,nan,False,5.210660171779821
v3_sc0_staging_19,L2,0,6,joint,False,0,False,False,False,False,False,nan,nan,nan,False,5.210660171779821
v3_sc0_staging_19,L2,0,6,oracle,False,0,False,True,False,False,True,5.210660171779821,0.5220153254455275,0.223606797749979,True,5.210660171779821
v3_sc0_staging_19,L2,0,7,uncalibrated,False,0,True,True,False,False,True,9.03761543394987,0.6726812023536856,0.2,True,8.803300858899107
v3_sc0_staging_19,L2,0,7,label_cell,False,0,False,False,False,False,False,nan,nan,nan,False,8.803300858899107
v3_sc0_staging_19,L2,0,7,geometry,False,0,False,False,False,False,False,nan,nan,nan,False,8.803300858899107
v3_sc0_staging_19,L2,0,7,label_only,False,0,False,False,False,False,False,nan,nan,nan,False,8.803300858899107
v3_sc0_staging_19,L2,0,7,pose_only,False,0,False,False,False,False,False,nan,nan,nan,False,8.803300858899107
v3_sc0_staging_19,L2,0,7,separate,False,0,False,False,False,False,False,nan,nan,nan,False,8.803300858899107
v3_sc0_staging_19,L2,0,7,joint,False,0,False,False,False,False,False,nan,nan,nan,False,8.803300858899107
v3_sc0_staging_19,L2,0,7,oracle,False,0,False,True,False,False,True,8.803300858899107,0.5099019513592785,0.20615528128088303,True,8.803300858899107
v3_sc0_staging_19,L2,0,8,uncalibrated,False,0,True,True,False,False,True,4.212741699796951,0.6000000000000001,0.55,True,4.212741699796951
v3_sc0_staging_19,L2,0,8,label_cell,False,0,False,True,False,False,True,4.212741699796951,0.6000000000000001,0.55,True,4.212741699796951
v3_sc0_staging_19,L2,0,8,geometry,False,0,False,False,False,False,False,nan,nan,nan,False,4.212741699796951
v3_sc0_staging_19,L2,0,8,label_only,False,0,False,False,False,False,False,nan,nan,nan,False,4.212741699796951
v3_sc0_staging_19,L2,0,8,pose_only,False,0,False,True,False,False,True,4.212741699796951,0.8500000000000001,0.30000000000000004,True,4.212741699796951
v3_sc0_staging_19,L2,0,8,separate,False,0,False,False,False,False,False,nan,nan,nan,False,4.212741699796951
v3_sc0_staging_19,L2,0,8,joint,False,0,False,False,False,False,False,nan,nan,nan,False,4.212741699796951
v3_sc0_staging_19,L2,0,8,oracle,False,0,False,True,False,False,True,4.212741699796951,0.6000000000000001,0.55,True,4.212741699796951
v3_sc0_staging_19,L2,0,9,uncalibrated,False,0,True,False,False,False,False,nan,nan,nan,False,4.839949493661167
v3_sc0_staging_19,L2,0,9,label_cell,False,0,False,False,False,False,False,nan,nan,nan,False,4.839949493661167
v3_sc0_staging_19,L2,0,9,geometry,False,0,False,False,False,False,False,nan,nan,nan,False,4.839949493661167
v3_sc0_staging_19,L2,0,9,label_only,False,0,False,False,False,False,False,nan,nan,nan,False,4.839949493661167
v3_sc0_staging_19,L2,0,9,pose_only,False,0,False,False,False,False,False,nan,nan,nan,False,4.839949493661167
v3_sc0_staging_19,L2,0,9,separate,False,0,False,False,False,False,False,nan,nan,nan,False,4.839949493661167
v3_sc0_staging_19,L2,0,9,joint,False,0,False,False,False,False,False,nan,nan,nan,False,4.839949493661167
v3_sc0_staging_19,L2,0,9,oracle,False,0,False,True,False,False,True,4.839949493661167,0.5024937810560445,0.30000000000000004,True,4.839949493661167
v3_sc0_staging_19,L2,0,10,uncalibrated,False,0,True,True,False,False,True,5.517766952966369,0.55,0.4949747468305833,True,5.517766952966369
v3_sc0_staging_19,L2,0,10,label_cell,False,0,False,True,False,False,True,5.517766952966369,0.55,0.4949747468305833,True,5.517766952966369
v3_sc0_staging_19,L2,0,10,geometry,False,0,False,False,False,False,False,nan,nan,nan,False,5.517766952966369
v3_sc0_staging_19,L2,0,10,label_only,False,0,False,False,False,False,False,nan,nan,nan,False,5.517766952966369
v3_sc0_staging_19,L2,0,10,pose_only,False,0,False,True,False,False,True,5.600609665440988,0.65,0.45,True,5.517766952966369
v3_sc0_staging_19,L2,0,10,separate,False,0,False,False,False,False,False,nan,nan,nan,False,5.517766952966369
v3_sc0_staging_19,L2,0,10,joint,False,0,False,False,False,False,False,nan,nan,nan,False,5.517766952966369
v3_sc0_staging_19,L2,0,10,oracle,False,0,False,True,False,False,True,5.517766952966369,0.5024937810560445,0.36055512754639896,True,5.517766952966369
v3_sc0_staging_19,L2,0,11,uncalibrated,False,0,True,True,False,False,True,4.504163056034262,0.7280109889280518,0.4,True,4.504163056034262
v3_sc0_staging_19,L2,0,11,label_cell,False,0,False,True,False,False,True,4.504163056034261,0.65,0.49244289008980524,True,4.504163056034262
v3_sc0_staging_19,L2,0,11,geometry,False,0,False,False,False,False,False,nan,nan,nan,False,4.504163056034262
v3_sc0_staging_19,L2,0,11,label_only,False,0,False,False,False,False,False,nan,nan,nan,False,4.504163056034262
v3_sc0_staging_19,L2,0,11,pose_only,False,0,False,True,False,False,True,4.533452377915607,0.7280109889280518,0.4,True,4.504163056034262
v3_sc0_staging_19,L2,0,11,separate,False,0,False,False,False,False,False,nan,nan,nan,False,4.504163056034262
v3_sc0_staging_19,L2,0,11,joint,False,0,False,False,False,False,False,nan,nan,nan,False,4.504163056034262
v3_sc0_staging_19,L2,0,11,oracle,False,0,False,True,False,False,True,4.504163056034262,0.7280109889280518,0.4,True,4.504163056034262
v3_sc0_staging_19,L2,0,12,uncalibrated,False,0,True,True,False,False,True,9.951828996322966,0.5590169943749475,0.30000000000000004,True,9.146803743153548
v3_sc0_staging_19,L2,0,12,label_cell,False,0,False,False,False,False,False,nan,nan,nan,False,9.146803743153548
v3_sc0_staging_19,L2,0,12,geometry,False,0,False,False,False,False,False,nan,nan,nan,False,9.146803743153548
v3_sc0_staging_19,L2,0,12,label_only,False,0,False,False,False,False,False,nan,nan,nan,False,9.146803743153548
v3_sc0_staging_19,L2,0,12,pose_only,False,0,False,False,False,False,False,nan,nan,nan,False,9.146803743153548
v3_sc0_staging_19,L2,0,12,separate,False,0,False,False,False,False,False,nan,nan,nan,False,9.146803743153548
v3_sc0_staging_19,L2,0,12,joint,False,0,False,False,False,False,False,nan,nan,nan,False,9.146803743153548
v3_sc0_staging_19,L2,0,12,oracle,False,0,False,True,False,False,True,9.146803743153548,0.5147815070493501,0.20615528128088303,True,9.146803743153548
v3_sc0_staging_19,L2,0,13,uncalibrated,False,0,True,False,False,False,False,nan,nan,nan,False,4.832842712474619
v3_sc0_staging_19,L2,0,13,label_cell,False,0,False,False,False,False,False,nan,nan,nan,False,4.832842712474619
v3_sc0_staging_19,L2,0,13,geometry,False,0,False,False,False,False,False,nan,nan,nan,False,4.832842712474619
v3_sc0_staging_19,L2,0,13,label_only,False,0,False,False,False,False,False,nan,nan,nan,False,4.832842712474619
v3_sc0_staging_19,L2,0,13,pose_only,False,0,False,False,False,False,False,nan,nan,nan,False,4.832842712474619
v3_sc0_staging_19,L2,0,13,separate,False,0,False,False,False,False,False,nan,nan,nan,False,4.832842712474619
v3_sc0_staging_19,L2,0,13,joint,False,0,False,False,False,False,False,nan,nan,nan,False,4.832842712474619
v3_sc0_staging_19,L2,0,13,oracle,False,0,False,True,False,False,True,4.832842712474619,0.6000000000000001,0.42720018726587655,True,4.832842712474619
v3_sc0_staging_19,L2,0,14,uncalibrated,False,0,True,False,False,False,False,nan,nan,nan,False,5.33492424049175
v3_sc0_staging_19,L2,0,14,label_cell,False,0,False,False,False,False,False,nan,nan,nan,False,5.33492424049175
v3_sc0_staging_19,L2,0,14,geometry,False,0,False,False,False,False,False,nan,nan,nan,False,5.33492424049175
v3_sc0_staging_19,L2,0,14,label_only,False,0,False,False,False,False,False,nan,nan,nan,False,5.33492424049175
v3_sc0_staging_19,L2,0,14,pose_only,False,0,False,False,False,False,False,nan,nan,nan,False,5.33492424049175
v3_sc0_staging_19,L2,0,14,separate,False,0,False,False,False,False,False,nan,nan,nan,False,5.33492424049175
v3_sc0_staging_19,L2,0,14,joint,False,0,False,False,False,False,False,nan,nan,nan,False,5.33492424049175
v3_sc0_staging_19,L2,0,14,oracle,False,0,False,True,False,False,True,5.33492424049175,0.5024937810560445,0.21213203435596426,True,5.33492424049175
v3_sc0_staging_19,L2,0,15,uncalibrated,False,0,True,True,False,False,True,3.438477631085023,0.651920240520265,0.28284271247461906,True,3.438477631085023
v3_sc0_staging_19,L2,0,15,label_cell,False,0,False,True,False,False,True,3.4384776310850236,0.65,0.49244289008980524,True,3.438477631085023
v3_sc0_staging_19,L2,0,15,geometry,False,0,False,False,False,False,False,nan,nan,nan,False,3.438477631085023
v3_sc0_staging_19,L2,0,15,label_only,False,0,False,False,False,False,False,nan,nan,nan,False,3.438477631085023
v3_sc0_staging_19,L2,0,15,pose_only,False,0,False,True,False,False,True,3.4384776310850236,0.912414379544733,0.18027756377319948,True,3.438477631085023
v3_sc0_staging_19,L2,0,15,separate,False,0,False,False,False,False,False,nan,nan,nan,False,3.438477631085023
v3_sc0_staging_19,L2,0,15,joint,False,0,False,False,False,False,False,nan,nan,nan,False,3.438477631085023
v3_sc0_staging_19,L2,0,15,oracle,False,0,False,True,False,False,True,3.438477631085023,0.651920240520265,0.28284271247461906,True,3.438477631085023
v3_sc0_staging_19,L2,0,16,uncalibrated,False,0,True,True,False,False,True,4.769238815542512,0.65,0.45,True,4.769238815542512
v3_sc0_staging_19,L2,0,16,label_cell,False,0,False,True,False,False,True,4.769238815542512,0.65,0.49244289008980524,True,4.769238815542512
v3_sc0_staging_19,L2,0,16,geometry,False,0,False,False,False,False,False,nan,nan,nan,False,4.769238815542512
v3_sc0_staging_19,L2,0,16,label_only,False,0,False,False,False,False,False,nan,nan,nan,False,4.769238815542512
v3_sc0_staging_19,L2,0,16,pose_only,False,0,False,True,False,False,True,4.769238815542512,0.65,0.45,True,4.769238815542512
v3_sc0_staging_19,L2,0,16,separate,False,0,False,False,False,False,False,nan,nan,nan,False,4.769238815542512
v3_sc0_staging_19,L2,0,16,joint,False,0,False,False,False,False,False,nan,nan,nan,False,4.769238815542512
v3_sc0_staging_19,L2,0,16,oracle,False,0,False,True,False,False,True,4.769238815542512,0.65,0.45,True,4.769238815542512
v3_sc0_staging_19,L2,0,17,uncalibrated,False,0,True,False,False,False,False,nan,nan,nan,False,4.889949493661167
v3_sc0_staging_19,L2,0,17,label_cell,False,0,False,False,False,False,False,nan,nan,nan,False,4.889949493661167
v3_sc0_staging_19,L2,0,17,geometry,False,0,False,False,False,False,False,nan,nan,nan,False,4.889949493661167
v3_sc0_staging_19,L2,0,17,label_only,False,0,False,False,False,False,False,nan,nan,nan,False,4.889949493661167
v3_sc0_staging_19,L2,0,17,pose_only,False,0,False,False,False,False,False,nan,nan,nan,False,4.889949493661167
v3_sc0_staging_19,L2,0,17,separate,False,0,False,False,False,False,False,nan,nan,nan,False,4.889949493661167
v3_sc0_staging_19,L2,0,17,joint,False,0,False,False,False,False,False,nan,nan,nan,False,4.889949493661167
v3_sc0_staging_19,L2,0,17,oracle,False,0,False,True,False,False,True,4.889949493661167,0.5024937810560445,0.20615528128088303,True,4.889949493661167
v3_sc0_staging_19,L2,0,18,uncalibrated,False,0,True,True,False,False,True,5.047056274847715,0.55,0.5385164807134504,True,5.047056274847715
v3_sc0_staging_19,L2,0,18,label_cell,False,0,False,True,False,False,True,5.047056274847715,0.55,0.55,True,5.047056274847715
v3_sc0_staging_19,L2,0,18,geometry,False,0,False,False,False,False,False,nan,nan,nan,False,5.047056274847715
v3_sc0_staging_19,L2,0,18,label_only,False,0,False,False,False,False,False,nan,nan,nan,False,5.047056274847715
v3_sc0_staging_19,L2,0,18,pose_only,False,0,False,True,False,False,True,5.047056274847715,0.65,0.45,True,5.047056274847715
v3_sc0_staging_19,L2,0,18,separate,False,0,False,False,False,False,False,nan,nan,nan,False,5.047056274847715
v3_sc0_staging_19,L2,0,18,joint,False,0,False,False,False,False,False,nan,nan,nan,False,5.047056274847715
v3_sc0_staging_19,L2,0,18,oracle,False,0,False,True,False,False,True,5.047056274847715,0.5024937810560445,0.3640054944640259,True,5.047056274847715
v3_sc0_staging_19,L2,0,19,uncalibrated,False,0,True,True,False,False,True,4.216295090390226,0.8,0.32015621187164245,True,4.157716446627536
v3_sc0_staging_19,L2,0,19,label_cell,False,0,False,True,False,False,True,4.245584412271572,0.65,0.49244289008980524,True,4.157716446627536
v3_sc0_staging_19,L2,0,19,geometry,False,0,False,False,False,False,False,nan,nan,nan,False,4.157716446627536
v3_sc0_staging_19,L2,0,19,label_only,False,0,False,False,False,False,False,nan,nan,nan,False,4.157716446627536
v3_sc0_staging_19,L2,0,19,pose_only,False,0,False,True,False,False,True,4.304163056034262,0.8,0.32015621187164245,True,4.157716446627536
v3_sc0_staging_19,L2,0,19,separate,False,0,False,False,False,False,False,nan,nan,nan,False,4.157716446627536
v3_sc0_staging_19,L2,0,19,joint,False,0,False,False,False,False,False,nan,nan,nan,False,4.157716446627536
v3_sc0_staging_19,L2,0,19,oracle,False,0,False,True,False,False,True,4.157716446627536,0.55,0.4242640687119285,True,4.157716446627536
v3_sc0_staging_19,L2,1,0,uncalibrated,False,0,True,True,False,False,True,4.739949493661167,0.7000000000000001,0.4,True,4.739949493661167
v3_sc0_staging_19,L2,1,0,label_cell,False,0,False,True,False,False,True,4.739949493661167,0.55,0.55,True,4.739949493661167
v3_sc0_staging_19,L2,1,0,geometry,False,0,False,False,False,False,False,nan,nan,nan,False,4.739949493661167
v3_sc0_staging_19,L2,1,0,label_only,False,0,False,False,False,False,False,nan,nan,nan,False,4.739949493661167
v3_sc0_staging_19,L2,1,0,pose_only,False,0,False,True,False,False,True,4.739949493661167,0.7000000000000001,0.4,True,4.739949493661167
v3_sc0_staging_19,L2,1,0,separate,False,0,False,False,False,False,False,nan,nan,nan,False,4.739949493661167
v3_sc0_staging_19,L2,1,0,joint,False,0,False,False,False,False,False,nan,nan,nan,False,4.739949493661167
v3_sc0_staging_19,L2,1,0,oracle,False,0,False,True,False,False,True,4.739949493661167,0.7000000000000001,0.4,True,4.739949493661167
v3_sc0_staging_19,L2,1,1,uncalibrated,False,0,True,False,False,False,False,nan,nan,nan,False,5.833452377915606
v3_sc0_staging_19,L2,1,1,label_cell,False,0,False,False,False,False,False,nan,nan,nan,False,5.833452377915606
v3_sc0_staging_19,L2,1,1,geometry,False,0,False,False,False,False,False,nan,nan,nan,False,5.833452377915606
v3_sc0_staging_19,L2,1,1,label_only,False,0,False,False,False,False,False,nan,nan,nan,False,5.833452377915606
v3_sc0_staging_19,L2,1,1,pose_only,False,0,False,False,False,False,False,nan,nan,nan,False,5.833452377915606
v3_sc0_staging_19,L2,1,1,separate,False,0,False,False,False,False,False,nan,nan,nan,False,5.833452377915606
v3_sc0_staging_19,L2,1,1,joint,False,0,False,False,False,False,False,nan,nan,nan,False,5.833452377915606
v3_sc0_staging_19,L2,1,1,oracle,False,0,False,True,False,False,True,5.833452377915606,0.5099019513592785,0.20615528128088303,True,5.833452377915606
v3_sc0_staging_19,L2,1,2,uncalibrated,False,0,True,True,False,False,True,5.409188309203679,0.9,0.223606797749979,True,5.409188309203679
v3_sc0_staging_19,L2,1,2,label_cell,False,0,False,True,False,False,True,5.409188309203678,0.6020797289396148,0.5099019513592785,True,5.409188309203679
v3_sc0_staging_19,L2,1,2,geometry,False,0,False,False,False,False,False,nan,nan,nan,False,5.409188309203679
v3_sc0_staging_19,L2,1,2,label_only,False,0,False,False,False,False,False,nan,nan,nan,False,5.409188309203679
v3_sc0_staging_19,L2,1,2,pose_only,False,0,False,True,False,False,True,5.409188309203679,0.9,0.223606797749979,True,5.409188309203679
v3_sc0_staging_19,L2,1,2,separate,False,0,False,False,False,False,False,nan,nan,nan,False,5.409188309203679
v3_sc0_staging_19,L2,1,2,joint,False,0,False,False,False,False,False,nan,nan,nan,False,5.409188309203679
v3_sc0_staging_19,L2,1,2,oracle,False,0,False,True,False,False,True,5.409188309203679,0.9,0.20615528128088303,True,5.409188309203679
v3_sc0_staging_19,L2,1,3,uncalibrated,False,0,True,True,False,False,True,4.891421356237309,0.65,0.45,True,4.862132034355965
v3_sc0_staging_19,L2,1,3,label_cell,False,0,False,True,False,False,True,4.891421356237309,0.55,0.5099019513592785,True,4.862132034355965
v3_sc0_staging_19,L2,1,3,geometry,False,0,False,False,False,False,False,nan,nan,nan,False,4.862132034355965
v3_sc0_staging_19,L2,1,3,label_only,False,0,False,False,False,False,False,nan,nan,nan,False,4.862132034355965
v3_sc0_staging_19,L2,1,3,pose_only,False,0,False,False,False,False,False,nan,nan,nan,False,4.862132034355965
v3_sc0_staging_19,L2,1,3,separate,False,0,False,False,False,False,False,nan,nan,nan,False,4.862132034355965
v3_sc0_staging_19,L2,1,3,joint,False,0,False,False,False,False,False,nan,nan,nan,False,4.862132034355965
v3_sc0_staging_19,L2,1,3,oracle,False,0,False,True,False,False,True,4.862132034355965,0.65,0.45,True,4.862132034355965
v3_sc0_staging_19,L2,1,4,uncalibrated,False,0,True,True,False,False,True,5.871320343559644,0.5220153254455275,0.49244289008980524,True,5.871320343559643
v3_sc0_staging_19,L2,1,4,label_cell,False,0,False,False,False,False,False,nan,nan,nan,False,5.871320343559643
v3_sc0_staging_19,L2,1,4,geometry,False,0,False,False,False,False,False,nan,nan,nan,False,5.871320343559643
v3_sc0_staging_19,L2,1,4,label_only,False,0,False,False,False,False,False,nan,nan,nan,False,5.871320343559643
v3_sc0_staging_19,L2,1,4,pose_only,False,0,False,True,False,False,True,5.912741699796953,0.65,0.49244289008980524,True,5.871320343559643
v3_sc0_staging_19,L2,1,4,separate,False,0,False,False,False,False,False,nan,nan,nan,False,5.871320343559643
v3_sc0_staging_19,L2,1,4,joint,False,0,False,False,False,False,False,nan,nan,nan,False,5.871320343559643
v3_sc0_staging_19,L2,1,4,oracle,False,0,False,True,False,False,True,5.871320343559643,0.5024937810560445,0.3905124837953327,True,5.871320343559643
v3_sc0_staging_19,L2,1,5,uncalibrated,False,0,True,True,False,False,True,5.538477631085024,0.8,0.30000000000000004,True,5.538477631085024
v3_sc0_staging_19,L2,1,5,label_cell,False,0,False,True,False,False,True,5.538477631085023,0.6000000000000001,0.5099019513592785,True,5.538477631085024
v3_sc0_staging_19,L2,1,5,geometry,False,0,False,False,False,False,False,nan,nan,nan,False,5.538477631085024
v3_sc0_staging_19,L2,1,5,label_only,False,0,False,False,False,False,False,nan,nan,nan,False,5.538477631085024
v3_sc0_staging_19,L2,1,5,pose_only,False,0,False,True,False,False,True,5.538477631085024,0.8,0.30000000000000004,True,5.538477631085024
v3_sc0_staging_19,L2,1,5,separate,False,0,False,False,False,False,False,nan,nan,nan,False,5.538477631085024
v3_sc0_staging_19,L2,1,5,joint,False,0,False,False,False,False,False,nan,nan,nan,False,5.538477631085024
v3_sc0_staging_19,L2,1,5,oracle,False,0,False,True,False,False,True,5.538477631085024,0.8,0.30000000000000004,True,5.538477631085024
v3_sc0_staging_19,L2,1,6,uncalibrated,False,0,True,False,False,False,False,nan,nan,nan,False,5.231370849898476
v3_sc0_staging_19,L2,1,6,label_cell,False,0,False,False,False,False,False,nan,nan,nan,False,5.231370849898476
v3_sc0_staging_19,L2,1,6,geometry,False,0,False,False,False,False,False,nan,nan,nan,False,5.231370849898476
v3_sc0_staging_19,L2,1,6,label_only,False,0,False,False,False,False,False,nan,nan,nan,False,5.231370849898476
v3_sc0_staging_19,L2,1,6,pose_only,False,0,False,False,False,False,False,nan,nan,nan,False,5.231370849898476
v3_sc0_staging_19,L2,1,6,separate,False,0,False,False,False,False,False,nan,nan,nan,False,5.231370849898476
v3_sc0_staging_19,L2,1,6,joint,False,0,False,False,False,False,False,nan,nan,nan,False,5.231370849898476
v3_sc0_staging_19,L2,1,6,oracle,False,0,False,True,False,False,True,5.231370849898476,0.5024937810560445,0.25,True,5.231370849898476
v3_sc0_staging_19,L2,1,7,uncalibrated,False,0,True,False,False,False,False,nan,nan,nan,False,8.794722215136417
v3_sc0_staging_19,L2,1,7,label_cell,False,0,False,False,False,False,False,nan,nan,nan,False,8.794722215136417
v3_sc0_staging_19,L2,1,7,geometry,False,0,False,False,False,False,False,nan,nan,nan,False,8.794722215136417
v3_sc0_staging_19,L2,1,7,label_only,False,0,False,False,False,False,False,nan,nan,nan,False,8.794722215136417
v3_sc0_staging_19,L2,1,7,pose_only,False,0,False,False,False,False,False,nan,nan,nan,False,8.794722215136417
v3_sc0_staging_19,L2,1,7,separate,False,0,False,False,False,False,False,nan,nan,nan,False,8.794722215136417
v3_sc0_staging_19,L2,1,7,joint,False,0,False,False,False,False,False,nan,nan,nan,False,8.794722215136417
v3_sc0_staging_19,L2,1,7,oracle,False,0,False,True,False,False,True,8.794722215136417,0.6363961030678928,0.20615528128088303,True,8.794722215136417
v3_sc0_staging_19,L2,1,8,uncalibrated,False,0,True,True,False,False,True,4.233452377915606,0.6000000000000001,0.55,True,4.233452377915606
v3_sc0_staging_19,L2,1,8,label_cell,False,0,False,True,False,False,True,4.233452377915606,0.6000000000000001,0.55,True,4.233452377915606
v3_sc0_staging_19,L2,1,8,geometry,False,0,False,False,False,False,False,nan,nan,nan,False,4.233452377915606
v3_sc0_staging_19,L2,1,8,label_only,False,0,False,False,False,False,False,nan,nan,nan,False,4.233452377915606
v3_sc0_staging_19,L2,1,8,pose_only,False,0,False,True,False,False,True,4.233452377915606,0.8500000000000001,0.30000000000000004,True,4.233452377915606
v3_sc0_staging_19,L2,1,8,separate,False,0,False,False,False,False,False,nan,nan,nan,False,4.233452377915606
v3_sc0_staging_19,L2,1,8,joint,False,0,False,False,False,False,False,nan,nan,nan,False,4.233452377915606
v3_sc0_staging_19,L2,1,8,oracle,False,0,False,True,False,False,True,4.233452377915606,0.6000000000000001,0.55,True,4.233452377915606
v3_sc0_staging_19,L2,1,9,uncalibrated,False,0,True,False,False,False,False,nan,nan,nan,False,4.860660171779822
v3_sc0_staging_19,L2,1,9,label_cell,False,0,False,False,False,False,False,nan,nan,nan,False,4.860660171779822
v3_sc0_staging_19,L2,1,9,geometry,False,0,False,False,False,False,False,nan,nan,nan,False,4.860660171779822
v3_sc0_staging_19,L2,1,9,label_only,False,0,False,False,False,False,False,nan,nan,nan,False,4.860660171779822
v3_sc0_staging_19,L2,1,9,pose_only,False,0,False,False,False,False,False,nan,nan,nan,False,4.860660171779822
v3_sc0_staging_19,L2,1,9,separate,False,0,False,False,False,False,False,nan,nan,nan,False,4.860660171779822
v3_sc0_staging_19,L2,1,9,joint,False,0,False,False,False,False,False,nan,nan,nan,False,4.860660171779822
v3_sc0_staging_19,L2,1,9,oracle,False,0,False,True,False,False,True,4.860660171779822,0.5024937810560445,0.30000000000000004,True,4.860660171779822
v3_sc0_staging_19,L2,1,10,uncalibrated,False,0,True,True,False,False,True,5.538477631085023,0.5099019513592785,0.49244289008980524,True,5.538477631085023
v3_sc0_staging_19,L2,1,10,label_cell,False,0,False,False,False,False,False,nan,nan,nan,False,5.538477631085023
v3_sc0_staging_19,L2,1,10,geometry,False,0,False,False,False,False,False,nan,nan,nan,False,5.538477631085023
v3_sc0_staging_19,L2,1,10,label_only,False,0,False,False,False,False,False,nan,nan,nan,False,5.538477631085023
v3_sc0_staging_19,L2,1,10,pose_only,False,0,False,True,False,False,True,5.621320343559643,0.65,0.45,True,5.538477631085023
v3_sc0_staging_19,L2,1,10,separate,False,0,False,False,False,False,False,nan,nan,nan,False,5.538477631085023
v3_sc0_staging_19,L2,1,10,joint,False,0,False,False,False,False,False,nan,nan,nan,False,5.538477631085023
v3_sc0_staging_19,L2,1,10,oracle,False,0,False,True,False,False,True,5.538477631085023,0.5024937810560445,0.32015621187164245,True,5.538477631085023
v3_sc0_staging_19,L2,1,11,uncalibrated,False,0,True,True,False,False,True,4.524873734152917,0.7280109889280518,0.4,True,4.524873734152917
v3_sc0_staging_19,L2,1,11,label_cell,False,0,False,True,False,False,True,4.524873734152917,0.6020797289396148,0.5099019513592785,True,4.524873734152917
v3_sc0_staging_19,L2,1,11,geometry,False,0,False,False,False,False,False,nan,nan,nan,False,4.524873734152917
v3_sc0_staging_19,L2,1,11,label_only,False,0,False,False,False,False,False,nan,nan,nan,False,4.524873734152917
v3_sc0_staging_19,L2,1,11,pose_only,False,0,False,True,False,False,True,4.554163056034262,0.7280109889280518,0.4,True,4.524873734152917
v3_sc0_staging_19,L2,1,11,separate,False,0,False,False,False,False,False,nan,nan,nan,False,4.524873734152917
v3_sc0_staging_19,L2,1,11,joint,False,0,False,False,False,False,False,nan,nan,nan,False,4.524873734152917
v3_sc0_staging_19,L2,1,11,oracle,False,0,False,True,False,False,True,4.524873734152917,0.7280109889280518,0.4,True,4.524873734152917
v3_sc0_staging_19,L2,1,12,uncalibrated,False,0,True,True,False,False,True,9.993250352560274,0.6726812023536856,0.223606797749979,True,9.217514421272202
v3_sc0_staging_19,L2,1,12,label_cell,False,0,False,False,False,False,False,nan,nan,nan,False,9.217514421272202
v3_sc0_staging_19,L2,1,12,geometry,False,0,False,False,False,False,False,nan,nan,nan,False,9.217514421272202
v3_sc0_staging_19,L2,1,12,label_only,False,0,False,False,False,False,False,nan,nan,nan,False,9.217514421272202
v3_sc0_staging_19,L2,1,12,pose_only,False,0,False,False,False,False,False,nan,nan,nan,False,9.217514421272202
v3_sc0_staging_19,L2,1,12,separate,False,0,False,False,False,False,False,nan,nan,nan,False,9.217514421272202
v3_sc0_staging_19,L2,1,12,joint,False,0,False,False,False,False,False,nan,nan,nan,False,9.217514421272202
v3_sc0_staging_19,L2,1,12,oracle,False,0,False,True,False,False,True,9.217514421272202,0.6726812023536856,0.20615528128088303,True,9.217514421272202
v3_sc0_staging_19,L2,1,13,uncalibrated,False,0,True,True,False,False,True,4.841421356237309,0.55,0.5147815070493501,True,4.812132034355964
v3_sc0_staging_19,L2,1,13,label_cell,False,0,False,False,False,False,False,nan,nan,nan,False,4.812132034355964
v3_sc0_staging_19,L2,1,13,geometry,False,0,False,False,False,False,False,nan,nan,nan,False,4.812132034355964
v3_sc0_staging_19,L2,1,13,label_only,False,0,False,False,False,False,False,nan,nan,nan,False,4.812132034355964
v3_sc0_staging_19,L2,1,13,pose_only,False,0,False,False,False,False,False,nan,nan,nan,False,4.812132034355964
v3_sc0_staging_19,L2,1,13,separate,False,0,False,False,False,False,False,nan,nan,nan,False,4.812132034355964
v3_sc0_staging_19,L2,1,13,joint,False,0,False,False,False,False,False,nan,nan,nan,False,4.812132034355964
v3_sc0_staging_19,L2,1,13,oracle,False,0,False,True,False,False,True,4.812132034355964,0.55,0.447213595499958,True,4.812132034355964
v3_sc0_staging_19,L2,1,14,uncalibrated,False,0,True,False,False,False,False,nan,nan,nan,False,5.355634918610405
v3_sc0_staging_19,L2,1,14,label_cell,False,0,False,False,False,False,False,nan,nan,nan,False,5.355634918610405
v3_sc0_staging_19,L2,1,14,geometry,False,0,False,False,False,False,False,nan,nan,nan,False,5.355634918610405
v3_sc0_staging_19,L2,1,14,label_only,False,0,False,False,False,False,False,nan,nan,nan,False,5.355634918610405
v3_sc0_staging_19,L2,1,14,pose_only,False,0,False,False,False,False,False,nan,nan,nan,False,5.355634918610405
v3_sc0_staging_19,L2,1,14,separate,False,0,False,False,False,False,False,nan,nan,nan,False,5.355634918610405
v3_sc0_staging_19,L2,1,14,joint,False,0,False,False,False,False,False,nan,nan,nan,False,5.355634918610405
v3_sc0_staging_19,L2,1,14,oracle,False,0,False,True,False,False,True,5.355634918610405,0.5147815070493501,0.20615528128088303,True,5.355634918610405
v3_sc0_staging_19,L2,1,15,uncalibrated,False,0,True,True,False,False,True,3.4591883092036784,0.651920240520265,0.28284271247461906,True,3.4591883092036784
v3_sc0_staging_19,L2,1,15,label_cell,False,0,False,True,False,False,True,3.4591883092036784,0.6020797289396148,0.5099019513592785,True,3.4591883092036784
v3_sc0_staging_19,L2,1,15,geometry,False,0,False,False,False,False,False,nan,nan,nan,False,3.4591883092036784
v3_sc0_staging_19,L2,1,15,label_only,False,0,False,False,False,False,False,nan,nan,nan,False,3.4591883092036784
v3_sc0_staging_19,L2,1,15,pose_only,False,0,False,True,False,False,True,3.4591883092036784,0.651920240520265,0.28284271247461906,True,3.4591883092036784
v3_sc0_staging_19,L2,1,15,separate,False,0,False,False,False,False,False,nan,nan,nan,False,3.4591883092036784
v3_sc0_staging_19,L2,1,15,joint,False,0,False,False,False,False,False,nan,nan,nan,False,3.4591883092036784
v3_sc0_staging_19,L2,1,15,oracle,False,0,False,True,False,False,True,3.4591883092036784,0.651920240520265,0.28284271247461906,True,3.4591883092036784
v3_sc0_staging_19,L2,1,16,uncalibrated,False,0,True,True,False,False,True,4.789949493661167,0.65,0.45,True,4.789949493661167
v3_sc0_staging_19,L2,1,16,label_cell,False,0,False,True,False,False,True,4.789949493661167,0.6020797289396148,0.5099019513592785,True,4.789949493661167
v3_sc0_staging_19,L2,1,16,geometry,False,0,False,False,False,False,False,nan,nan,nan,False,4.789949493661167
v3_sc0_staging_19,L2,1,16,label_only,False,0,False,False,False,False,False,nan,nan,nan,False,4.789949493661167
v3_sc0_staging_19,L2,1,16,pose_only,False,0,False,True,False,False,True,4.789949493661167,0.65,0.45,True,4.789949493661167
v3_sc0_staging_19,L2,1,16,separate,False,0,False,False,False,False,False,nan,nan,nan,False,4.789949493661167
v3_sc0_staging_19,L2,1,16,joint,False,0,False,False,False,False,False,nan,nan,nan,False,4.789949493661167
v3_sc0_staging_19,L2,1,16,oracle,False,0,False,True,False,False,True,4.789949493661167,0.65,0.45,True,4.789949493661167
v3_sc0_staging_19,L2,1,17,uncalibrated,False,0,True,False,False,False,False,nan,nan,nan,False,4.881370849898476
v3_sc0_staging_19,L2,1,17,label_cell,False,0,False,False,False,False,False,nan,nan,nan,False,4.881370849898476
v3_sc0_staging_19,L2,1,17,geometry,False,0,False,False,False,False,False,nan,nan,nan,False,4.881370849898476
v3_sc0_staging_19,L2,1,17,label_only,False,0,False,False,False,False,False,nan,nan,nan,False,4.881370849898476
v3_sc0_staging_19,L2,1,17,pose_only,False,0,False,False,False,False,False,nan,nan,nan,False,4.881370849898476
v3_sc0_staging_19,L2,1,17,separate,False,0,False,False,False,False,False,nan,nan,nan,False,4.881370849898476
v3_sc0_staging_19,L2,1,17,joint,False,0,False,False,False,False,False,nan,nan,nan,False,4.881370849898476
v3_sc0_staging_19,L2,1,17,oracle,False,0,False,True,False,False,True,4.881370849898476,0.55,0.21213203435596426,True,4.881370849898476
v3_sc0_staging_19,L2,1,18,uncalibrated,False,0,True,True,False,False,True,5.06776695296637,0.5099019513592785,0.47434164902525694,True,5.067766952966369
v3_sc0_staging_19,L2,1,18,label_cell,False,0,False,True,False,False,True,5.06776695296637,0.5099019513592785,0.5099019513592785,True,5.067766952966369
v3_sc0_staging_19,L2,1,18,geometry,False,0,False,False,False,False,False,nan,nan,nan,False,5.067766952966369
v3_sc0_staging_19,L2,1,18,label_only,False,0,False,False,False,False,False,nan,nan,nan,False,5.067766952966369
v3_sc0_staging_19,L2,1,18,pose_only,False,0,False,True,False,False,True,5.067766952966369,0.65,0.5,True,5.067766952966369
v3_sc0_staging_19,L2,1,18,separate,False,0,False,False,False,False,False,nan,nan,nan,False,5.067766952966369
v3_sc0_staging_19,L2,1,18,joint,False,0,False,False,False,False,False,nan,nan,nan,False,5.067766952966369
v3_sc0_staging_19,L2,1,18,oracle,False,0,False,True,False,False,True,5.067766952966369,0.5024937810560445,0.316227766016838,True,5.067766952966369
v3_sc0_staging_19,L2,1,19,uncalibrated,False,0,True,True,False,False,True,4.23700576850888,0.55,0.5315072906367325,True,4.1784271247461895
v3_sc0_staging_19,L2,1,19,label_cell,False,0,False,True,False,False,True,4.2662950903902255,0.55,0.55,True,4.1784271247461895
v3_sc0_staging_19,L2,1,19,geometry,False,0,False,False,False,False,False,nan,nan,nan,False,4.1784271247461895
v3_sc0_staging_19,L2,1,19,label_only,False,0,False,False,False,False,False,nan,nan,nan,False,4.1784271247461895
v3_sc0_staging_19,L2,1,19,pose_only,False,0,False,True,False,False,True,4.395584412271571,0.8,0.32015621187164245,True,4.1784271247461895
v3_sc0_staging_19,L2,1,19,separate,False,0,False,False,False,False,False,nan,nan,nan,False,4.1784271247461895
v3_sc0_staging_19,L2,1,19,joint,False,0,False,False,False,False,False,nan,nan,nan,False,4.1784271247461895
v3_sc0_staging_19,L2,1,19,oracle,False,0,False,True,False,False,True,4.1784271247461895,0.55,0.3905124837953327,True,4.1784271247461895
v3_sc0_staging_19,L2,2,0,uncalibrated,False,0,True,True,False,False,True,4.739949493661167,0.7000000000000001,0.4,True,4.739949493661167
v3_sc0_staging_19,L2,2,0,label_cell,False,0,False,True,False,False,True,4.739949493661167,0.55,0.55,True,4.739949493661167
v3_sc0_staging_19,L2,2,0,geometry,False,0,False,False,False,False,False,nan,nan,nan,False,4.739949493661167
v3_sc0_staging_19,L2,2,0,label_only,False,0,False,False,False,False,False,nan,nan,nan,False,4.739949493661167
v3_sc0_staging_19,L2,2,0,pose_only,False,0,False,True,False,False,True,4.739949493661167,0.7000000000000001,0.4,True,4.739949493661167
v3_sc0_staging_19,L2,2,0,separate,False,0,False,False,False,False,False,nan,nan,nan,False,4.739949493661167
v3_sc0_staging_19,L2,2,0,joint,False,0,False,False,False,False,False,nan,nan,nan,False,4.739949493661167
v3_sc0_staging_19,L2,2,0,oracle,False,0,False,True,False,False,True,4.739949493661167,0.7000000000000001,0.4,True,4.739949493661167
v3_sc0_staging_19,L2,2,1,uncalibrated,False,0,True,True,False,False,True,6.174873734152917,0.8,0.30000000000000004,True,5.854163056034261
v3_sc0_staging_19,L2,2,1,label_cell,False,0,False,False,False,False,False,nan,nan,nan,False,5.854163056034261
v3_sc0_staging_19,L2,2,1,geometry,False,0,False,False,False,False,False,nan,nan,nan,False,5.854163056034261
v3_sc0_staging_19,L2,2,1,label_only,False,0,False,False,False,False,False,nan,nan,nan,False,5.854163056034261
v3_sc0_staging_19,L2,2,1,pose_only,False,0,False,False,False,False,False,nan,nan,nan,False,5.854163056034261
v3_sc0_staging_19,L2,2,1,separate,False,0,False,False,False,False,False,nan,nan,nan,False,5.854163056034261
v3_sc0_staging_19,L2,2,1,joint,False,0,False,False,False,False,False,nan,nan,nan,False,5.854163056034261
v3_sc0_staging_19,L2,2,1,oracle,False,0,False,True,False,False,True,5.854163056034261,0.5147815070493501,0.20615528128088303,True,5.854163056034261
v3_sc0_staging_19,L2,2,2,uncalibrated,False,0,True,True,False,False,True,5.359188309203679,0.9,0.2,True,5.359188309203679
v3_sc0_staging_19,L2,2,2,label_cell,False,0,False,True,False,False,True,5.359188309203678,0.651920240520265,0.49244289008980524,True,5.359188309203679
v3_sc0_staging_19,L2,2,2,geometry,False,0,False,False,False,False,False,nan,nan,nan,False,5.359188309203679
v3_sc0_staging_19,L2,2,2,label_only,False,0,False,False,False,False,False,nan,nan,nan,False,5.359188309203679
v3_sc0_staging_19,L2,2,2,pose_only,False,0,False,True,False,False,True,5.359188309203679,0.9,0.2,True,5.359188309203679
v3_sc0_staging_19,L2,2,2,separate,False,0,False,False,False,False,False,nan,nan,nan,False,5.359188309203679
v3_sc0_staging_19,L2,2,2,joint,False,0,False,False,False,False,False,nan,nan,nan,False,5.359188309203679
v3_sc0_staging_19,L2,2,2,oracle,False,0,False,True,False,False,True,5.359188309203679,0.9,0.20615528128088303,True,5.359188309203679
v3_sc0_staging_19,L2,2,3,uncalibrated,False,0,True,True,False,False,True,4.870710678118655,0.6000000000000001,0.5,True,4.841421356237309
v3_sc0_staging_19,L2,2,3,label_cell,False,0,False,True,False,False,True,4.870710678118655,0.55,0.5024937810560445,True,4.841421356237309
v3_sc0_staging_19,L2,2,3,geometry,False,0,False,False,False,False,False,nan,nan,nan,False,4.841421356237309
v3_sc0_staging_19,L2,2,3,label_only,False,0,False,False,False,False,False,nan,nan,nan,False,4.841421356237309
v3_sc0_staging_19,L2,2,3,pose_only,False,0,False,False,False,False,False,nan,nan,nan,False,4.841421356237309
v3_sc0_staging_19,L2,2,3,separate,False,0,False,False,False,False,False,nan,nan,nan,False,4.841421356237309
v3_sc0_staging_19,L2,2,3,joint,False,0,False,False,False,False,False,nan,nan,nan,False,4.841421356237309
v3_sc0_staging_19,L2,2,3,oracle,False,0,False,True,False,False,True,4.841421356237309,0.6000000000000001,0.5,True,4.841421356237309
v3_sc0_staging_19,L2,2,4,uncalibrated,False,0,True,True,False,False,True,5.842031021678299,0.55,0.5147815070493501,True,5.842031021678299
v3_sc0_staging_19,L2,2,4,label_cell,False,0,False,True,False,False,True,5.842031021678299,0.55,0.5147815070493501,True,5.842031021678299
v3_sc0_staging_19,L2,2,4,geometry,False,0,False,False,False,False,False,nan,nan,nan,False,5.842031021678299
v3_sc0_staging_19,L2,2,4,label_only,False,0,False,False,False,False,False,nan,nan,nan,False,5.842031021678299
v3_sc0_staging_19,L2,2,4,pose_only,False,0,False,True,False,False,True,5.883452377915608,0.65,0.5,True,5.842031021678299
v3_sc0_staging_19,L2,2,4,separate,False,0,False,False,False,False,False,nan,nan,nan,False,5.842031021678299
v3_sc0_staging_19,L2,2,4,joint,False,0,False,False,False,False,False,nan,nan,nan,False,5.842031021678299
v3_sc0_staging_19,L2,2,4,oracle,False,0,False,True,False,False,True,5.842031021678299,0.5024937810560445,0.4301162633521314,True,5.842031021678299
v3_sc0_staging_19,L2,2,5,uncalibrated,False,0,True,True,False,False,True,5.488477631085024,0.8,0.30000000000000004,True,5.488477631085024
v3_sc0_staging_19,L2,2,5,label_cell,False,0,False,True,False,False,True,5.488477631085024,0.6000000000000001,0.5,True,5.488477631085024
v3_sc0_staging_19,L2,2,5,geometry,False,0,False,False,False,False,False,nan,nan,nan,False,5.488477631085024
v3_sc0_staging_19,L2,2,5,label_only,False,0,False,False,False,False,False,nan,nan,nan,False,5.488477631085024
v3_sc0_staging_19,L2,2,5,pose_only,False,0,False,True,False,False,True,5.488477631085024,0.8,0.30000000000000004,True,5.488477631085024
v3_sc0_staging_19,L2,2,5,separate,False,0,False,False,False,False,False,nan,nan,nan,False,5.488477631085024
v3_sc0_staging_19,L2,2,5,joint,False,0,False,False,False,False,False,nan,nan,nan,False,5.488477631085024
v3_sc0_staging_19,L2,2,5,oracle,False,0,False,True,False,False,True,5.488477631085024,0.8,0.30000000000000004,True,5.488477631085024
v3_sc0_staging_19,L2,2,6,uncalibrated,False,0,True,False,False,False,False,nan,nan,nan,False,5.231370849898476
v3_sc0_staging_19,L2,2,6,label_cell,False,0,False,False,False,False,False,nan,nan,nan,False,5.231370849898476
v3_sc0_staging_19,L2,2,6,geometry,False,0,False,False,False,False,False,nan,nan,nan,False,5.231370849898476
v3_sc0_staging_19,L2,2,6,label_only,False,0,False,False,False,False,False,nan,nan,nan,False,5.231370849898476
v3_sc0_staging_19,L2,2,6,pose_only,False,0,False,False,False,False,False,nan,nan,nan,False,5.231370849898476
v3_sc0_staging_19,L2,2,6,separate,False,0,False,False,False,False,False,nan,nan,nan,False,5.231370849898476
v3_sc0_staging_19,L2,2,6,joint,False,0,False,False,False,False,False,nan,nan,nan,False,5.231370849898476
v3_sc0_staging_19,L2,2,6,oracle,False,0,False,True,False,False,True,5.231370849898476,0.5024937810560445,0.223606797749979,True,5.231370849898476
v3_sc0_staging_19,L2,2,7,uncalibrated,False,0,True,True,False,False,True,9.058326112068524,0.6726812023536856,0.20615528128088303,True,8.794722215136417
v3_sc0_staging_19,L2,2,7,label_cell,False,0,False,False,False,False,False,nan,nan,nan,False,8.794722215136417
v3_sc0_staging_19,L2,2,7,geometry,False,0,False,False,False,False,False,nan,nan,nan,False,8.794722215136417
v3_sc0_staging_19,L2,2,7,label_only,False,0,False,False,False,False,False,nan,nan,nan,False,8.794722215136417
v3_sc0_staging_19,L2,2,7,pose_only,False,0,False,False,False,False,False,nan,nan,nan,False,8.794722215136417
v3_sc0_staging_19,L2,2,7,separate,False,0,False,False,False,False,False,nan,nan,nan,False,8.794722215136417
v3_sc0_staging_19,L2,2,7,joint,False,0,False,False,False,False,False,nan,nan,nan,False,8.794722215136417
v3_sc0_staging_19,L2,2,7,oracle,False,0,False,True,False,False,True,8.794722215136417,0.6726812023536856,0.20615528128088303,True,8.794722215136417
v3_sc0_staging_19,L2,2,8,uncalibrated,False,0,True,True,False,False,True,4.183452377915606,0.65,0.55,True,4.183452377915606
v3_sc0_staging_19,L2,2,8,label_cell,False,0,False,True,False,False,True,4.183452377915606,0.65,0.55,True,4.183452377915606
v3_sc0_staging_19,L2,2,8,geometry,False,0,False,False,False,False,False,nan,nan,nan,False,4.183452377915606
v3_sc0_staging_19,L2,2,8,label_only,False,0,False,False,False,False,False,nan,nan,nan,False,4.183452377915606
v3_sc0_staging_19,L2,2,8,pose_only,False,0,False,True,False,False,True,4.183452377915606,0.9,0.30000000000000004,True,4.183452377915606
v3_sc0_staging_19,L2,2,8,separate,False,0,False,False,False,False,False,nan,nan,nan,False,4.183452377915606
v3_sc0_staging_19,L2,2,8,joint,False,0,False,False,False,False,False,nan,nan,nan,False,4.183452377915606
v3_sc0_staging_19,L2,2,8,oracle,False,0,False,True,False,False,True,4.183452377915606,0.65,0.55,True,4.183452377915606
v3_sc0_staging_19,L2,2,9,uncalibrated,False,0,True,False,False,False,False,nan,nan,nan,False,4.860660171779822
v3_sc0_staging_19,L2,2,9,label_cell,False,0,False,False,False,False,False,nan,nan,nan,False,4.860660171779822
v3_sc0_staging_19,L2,2,9,geometry,False,0,False,False,False,False,False,nan,nan,nan,False,4.860660171779822
v3_sc0_staging_19,L2,2,9,label_only,False,0,False,False,False,False,False,nan,nan,nan,False,4.860660171779822
v3_sc0_staging_19,L2,2,9,pose_only,False,0,False,False,False,False,False,nan,nan,nan,False,4.860660171779822
v3_sc0_staging_19,L2,2,9,separate,False,0,False,False,False,False,False,nan,nan,nan,False,4.860660171779822
v3_sc0_staging_19,L2,2,9,joint,False,0,False,False,False,False,False,nan,nan,nan,False,4.860660171779822
v3_sc0_staging_19,L2,2,9,oracle,False,0,False,True,False,False,True,4.860660171779822,0.5024937810560445,0.30000000000000004,True,4.860660171779822
v3_sc0_staging_19,L2,2,10,uncalibrated,False,0,True,True,False,False,True,5.5591883092036785,0.55,0.5099019513592785,True,5.538477631085023
v3_sc0_staging_19,L2,2,10,label_cell,False,0,False,True,False,False,True,5.5591883092036785,0.55,0.5099019513592785,True,5.538477631085023
v3_sc0_staging_19,L2,2,10,geometry,False,0,False,False,False,False,False,nan,nan,nan,False,5.538477631085023
v3_sc0_staging_19,L2,2,10,label_only,False,0,False,False,False,False,False,nan,nan,nan,False,5.538477631085023
v3_sc0_staging_19,L2,2,10,pose_only,False,0,False,True,False,False,True,5.662741699796952,0.65,0.45,True,5.538477631085023
v3_sc0_staging_19,L2,2,10,separate,False,0,False,False,False,False,False,nan,nan,nan,False,5.538477631085023
v3_sc0_staging_19,L2,2,10,joint,False,0,False,False,False,False,False,nan,nan,nan,False,5.538477631085023
v3_sc0_staging_19,L2,2,10,oracle,False,0,False,True,False,False,True,5.538477631085023,0.5024937810560445,0.36055512754639896,True,5.538477631085023
v3_sc0_staging_19,L2,2,11,uncalibrated,False,0,True,True,False,False,True,4.474873734152917,0.7826237921249265,0.4,True,4.474873734152916
v3_sc0_staging_19,L2,2,11,label_cell,False,0,False,True,False,False,True,4.474873734152916,0.651920240520265,0.49244289008980524,True,4.474873734152916
v3_sc0_staging_19,L2,2,11,geometry,False,0,False,False,False,False,False,nan,nan,nan,False,4.474873734152916
v3_sc0_staging_19,L2,2,11,label_only,False,0,False,False,False,False,False,nan,nan,nan,False,4.474873734152916
v3_sc0_staging_19,L2,2,11,pose_only,False,0,False,True,False,False,True,4.504163056034262,0.7826237921249265,0.4,True,4.474873734152916
v3_sc0_staging_19,L2,2,11,separate,False,0,False,False,False,False,False,nan,nan,nan,False,4.474873734152916
v3_sc0_staging_19,L2,2,11,joint,False,0,False,False,False,False,False,nan,nan,nan,False,4.474873734152916
v3_sc0_staging_19,L2,2,11,oracle,False,0,False,True,False,False,True,4.474873734152916,0.5147815070493501,0.5,True,4.474873734152916
v3_sc0_staging_19,L2,2,12,uncalibrated,False,0,True,True,False,False,True,9.951828996322966,0.7071067811865476,0.2,True,9.176093065034895
v3_sc0_staging_19,L2,2,12,label_cell,False,0,False,False,False,False,False,nan,nan,nan,False,9.176093065034895
v3_sc0_staging_19,L2,2,12,geometry,False,0,False,False,False,False,False,nan,nan,nan,False,9.176093065034895
v3_sc0_staging_19,L2,2,12,label_only,False,0,False,False,False,False,False,nan,nan,nan,False,9.176093065034895
v3_sc0_staging_19,L2,2,12,pose_only,False,0,False,False,False,False,False,nan,nan,nan,False,9.176093065034895
v3_sc0_staging_19,L2,2,12,separate,False,0,False,False,False,False,False,nan,nan,nan,False,9.176093065034895
v3_sc0_staging_19,L2,2,12,joint,False,0,False,False,False,False,False,nan,nan,nan,False,9.176093065034895
v3_sc0_staging_19,L2,2,12,oracle,False,0,False,True,False,False,True,9.176093065034895,0.5147815070493501,0.20615528128088303,True,9.176093065034895
v3_sc0_staging_19,L2,2,13,uncalibrated,False,0,True,True,False,False,True,4.841421356237309,0.55,0.49244289008980524,True,4.812132034355964
v3_sc0_staging_19,L2,2,13,label_cell,False,0,False,True,False,False,True,4.841421356237309,0.55,0.49244289008980524,True,4.812132034355964
v3_sc0_staging_19,L2,2,13,geometry,False,0,False,False,False,False,False,nan,nan,nan,False,4.812132034355964
v3_sc0_staging_19,L2,2,13,label_only,False,0,False,False,False,False,False,nan,nan,nan,False,4.812132034355964
v3_sc0_staging_19,L2,2,13,pose_only,False,0,False,False,False,False,False,nan,nan,nan,False,4.812132034355964
v3_sc0_staging_19,L2,2,13,separate,False,0,False,False,False,False,False,nan,nan,nan,False,4.812132034355964
v3_sc0_staging_19,L2,2,13,joint,False,0,False,False,False,False,False,nan,nan,nan,False,4.812132034355964
v3_sc0_staging_19,L2,2,13,oracle,False,0,False,True,False,False,True,4.812132034355964,0.55,0.42720018726587655,True,4.812132034355964
v3_sc0_staging_19,L2,2,14,uncalibrated,False,0,True,False,False,False,False,nan,nan,nan,False,5.355634918610405
v3_sc0_staging_19,L2,2,14,label_cell,False,0,False,False,False,False,False,nan,nan,nan,False,5.355634918610405
v3_sc0_staging_19,L2,2,14,geometry,False,0,False,False,False,False,False,nan,nan,nan,False,5.355634918610405
v3_sc0_staging_19,L2,2,14,label_only,False,0,False,False,False,False,False,nan,nan,nan,False,5.355634918610405
v3_sc0_staging_19,L2,2,14,pose_only,False,0,False,False,False,False,False,nan,nan,nan,False,5.355634918610405
v3_sc0_staging_19,L2,2,14,separate,False,0,False,False,False,False,False,nan,nan,nan,False,5.355634918610405
v3_sc0_staging_19,L2,2,14,joint,False,0,False,False,False,False,False,nan,nan,nan,False,5.355634918610405
v3_sc0_staging_19,L2,2,14,oracle,False,0,False,True,False,False,True,5.355634918610405,0.5147815070493501,0.21213203435596426,True,5.355634918610405
v3_sc0_staging_19,L2,2,15,uncalibrated,False,0,True,True,False,False,True,3.409188309203678,0.7071067811865476,0.21213203435596426,True,3.409188309203678
v3_sc0_staging_19,L2,2,15,label_cell,False,0,False,True,False,False,True,3.409188309203679,0.651920240520265,0.49244289008980524,True,3.409188309203678
v3_sc0_staging_19,L2,2,15,geometry,False,0,False,False,False,False,False,nan,nan,nan,False,3.409188309203678
v3_sc0_staging_19,L2,2,15,label_only,False,0,False,False,False,False,False,nan,nan,nan,False,3.409188309203678
v3_sc0_staging_19,L2,2,15,pose_only,False,0,False,True,False,False,True,3.409188309203678,0.7071067811865476,0.21213203435596426,True,3.409188309203678
v3_sc0_staging_19,L2,2,15,separate,False,0,False,False,False,False,False,nan,nan,nan,False,3.409188309203678
v3_sc0_staging_19,L2,2,15,joint,False,0,False,False,False,False,False,nan,nan,nan,False,3.409188309203678
v3_sc0_staging_19,L2,2,15,oracle,False,0,False,True,False,False,True,3.409188309203678,0.7071067811865476,0.21213203435596426,True,3.409188309203678
v3_sc0_staging_19,L2,2,16,uncalibrated,False,0,True,True,False,False,True,4.810660171779822,0.65,0.45,True,4.810660171779822
v3_sc0_staging_19,L2,2,16,label_cell,False,0,False,True,False,False,True,4.810660171779822,0.65,0.49244289008980524,True,4.810660171779822
v3_sc0_staging_19,L2,2,16,geometry,False,0,False,False,False,False,False,nan,nan,nan,False,4.810660171779822
v3_sc0_staging_19,L2,2,16,label_only,False,0,False,False,False,False,False,nan,nan,nan,False,4.810660171779822
v3_sc0_staging_19,L2,2,16,pose_only,False,0,False,True,False,False,True,4.810660171779822,0.65,0.45,True,4.810660171779822
v3_sc0_staging_19,L2,2,16,separate,False,0,False,False,False,False,False,nan,nan,nan,False,4.810660171779822
v3_sc0_staging_19,L2,2,16,joint,False,0,False,False,False,False,False,nan,nan,nan,False,4.810660171779822
v3_sc0_staging_19,L2,2,16,oracle,False,0,False,True,False,False,True,4.810660171779822,0.65,0.45,True,4.810660171779822
v3_sc0_staging_19,L2,2,17,uncalibrated,False,0,True,False,False,False,False,nan,nan,nan,False,4.910660171779821
v3_sc0_staging_19,L2,2,17,label_cell,False,0,False,False,False,False,False,nan,nan,nan,False,4.910660171779821
v3_sc0_staging_19,L2,2,17,geometry,False,0,False,False,False,False,False,nan,nan,nan,False,4.910660171779821
v3_sc0_staging_19,L2,2,17,label_only,False,0,False,False,False,False,False,nan,nan,nan,False,4.910660171779821
v3_sc0_staging_19,L2,2,17,pose_only,False,0,False,False,False,False,False,nan,nan,nan,False,4.910660171779821
v3_sc0_staging_19,L2,2,17,separate,False,0,False,False,False,False,False,nan,nan,nan,False,4.910660171779821
v3_sc0_staging_19,L2,2,17,joint,False,0,False,False,False,False,False,nan,nan,nan,False,4.910660171779821
v3_sc0_staging_19,L2,2,17,oracle,False,0,False,True,False,False,True,4.910660171779821,0.5024937810560445,0.20615528128088303,True,4.910660171779821
v3_sc0_staging_19,L2,2,18,uncalibrated,False,0,True,True,False,False,True,5.067766952966369,0.55,0.5099019513592785,True,5.06776695296637
v3_sc0_staging_19,L2,2,18,label_cell,False,0,False,True,False,False,True,5.06776695296637,0.55,0.5099019513592785,True,5.06776695296637
v3_sc0_staging_19,L2,2,18,geometry,False,0,False,False,False,False,False,nan,nan,nan,False,5.06776695296637
v3_sc0_staging_19,L2,2,18,label_only,False,0,False,False,False,False,False,nan,nan,nan,False,5.06776695296637
v3_sc0_staging_19,L2,2,18,pose_only,False,0,False,True,False,False,True,5.06776695296637,0.65,0.5,True,5.06776695296637
v3_sc0_staging_19,L2,2,18,separate,False,0,False,False,False,False,False,nan,nan,nan,False,5.06776695296637
v3_sc0_staging_19,L2,2,18,joint,False,0,False,False,False,False,False,nan,nan,nan,False,5.06776695296637
v3_sc0_staging_19,L2,2,18,oracle,False,0,False,True,False,False,True,5.06776695296637,0.5024937810560445,0.3640054944640259,True,5.06776695296637
v3_sc0_staging_19,L2,2,19,uncalibrated,False,0,True,True,False,False,True,4.187005768508881,0.6000000000000001,0.4949747468305833,True,4.128427124746191
v3_sc0_staging_19,L2,2,19,label_cell,False,0,False,True,False,False,True,4.216295090390226,0.6000000000000001,0.4949747468305833,True,4.128427124746191
v3_sc0_staging_19,L2,2,19,geometry,False,0,False,False,False,False,False,nan,nan,nan,False,4.128427124746191
v3_sc0_staging_19,L2,2,19,label_only,False,0,False,False,False,False,False,nan,nan,nan,False,4.128427124746191
v3_sc0_staging_19,L2,2,19,pose_only,False,0,False,True,False,False,True,4.274873734152917,0.8500000000000001,0.25,True,4.128427124746191
v3_sc0_staging_19,L2,2,19,separate,False,0,False,False,False,False,False,nan,nan,nan,False,4.128427124746191
v3_sc0_staging_19,L2,2,19,joint,False,0,False,False,False,False,False,nan,nan,nan,False,4.128427124746191
v3_sc0_staging_19,L2,2,19,oracle,False,0,False,True,False,False,True,4.128427124746191,0.6000000000000001,0.4242640687119285,True,4.128427124746191
v3_sc0_staging_19,L2,3,0,uncalibrated,False,0,True,True,False,False,True,4.698528137423858,0.7000000000000001,0.45,True,4.698528137423858
v3_sc0_staging_19,L2,3,0,label_cell,False,0,False,True,False,False,True,4.698528137423858,0.55,0.55,True,4.698528137423858
v3_sc0_staging_19,L2,3,0,geometry,False,0,False,False,False,False,False,nan,nan,nan,False,4.698528137423858
v3_sc0_staging_19,L2,3,0,label_only,False,0,False,False,False,False,False,nan,nan,nan,False,4.698528137423858
v3_sc0_staging_19,L2,3,0,pose_only,False,0,False,True,False,False,True,4.698528137423858,0.7000000000000001,0.45,True,4.698528137423858
v3_sc0_staging_19,L2,3,0,separate,False,0,False,False,False,False,False,nan,nan,nan,False,4.698528137423858
v3_sc0_staging_19,L2,3,0,joint,False,0,False,False,False,False,False,nan,nan,nan,False,4.698528137423858
v3_sc0_staging_19,L2,3,0,oracle,False,0,False,True,False,False,True,4.698528137423858,0.7000000000000001,0.45,True,4.698528137423858
v3_sc0_staging_19,L2,3,1,uncalibrated,False,0,True,False,False,False,False,nan,nan,nan,False,5.821320343559643
v3_sc0_staging_19,L2,3,1,label_cell,False,0,False,False,False,False,False,nan,nan,nan,False,5.821320343559643
v3_sc0_staging_19,L2,3,1,geometry,False,0,False,False,False,False,False,nan,nan,nan,False,5.821320343559643
v3_sc0_staging_19,L2,3,1,label_only,False,0,False,False,False,False,False,nan,nan,nan,False,5.821320343559643
v3_sc0_staging_19,L2,3,1,pose_only,False,0,False,False,False,False,False,nan,nan,nan,False,5.821320343559643
v3_sc0_staging_19,L2,3,1,separate,False,0,False,False,False,False,False,nan,nan,nan,False,5.821320343559643
v3_sc0_staging_19,L2,3,1,joint,False,0,False,False,False,False,False,nan,nan,nan,False,5.821320343559643
v3_sc0_staging_19,L2,3,1,oracle,False,0,False,True,False,False,True,5.821320343559643,0.5147815070493501,0.20615528128088303,True,5.821320343559643
v3_sc0_staging_19,L2,3,2,uncalibrated,False,0,True,True,False,False,True,5.367766952966369,0.8514693182963202,0.25,True,5.367766952966369
v3_sc0_staging_19,L2,3,2,label_cell,False,0,False,True,False,False,True,5.3677669529663685,0.552268050859363,0.5385164807134504,True,5.367766952966369
v3_sc0_staging_19,L2,3,2,geometry,False,0,False,False,False,False,False,nan,nan,nan,False,5.367766952966369
v3_sc0_staging_19,L2,3,2,label_only,False,0,False,False,False,False,False,nan,nan,nan,False,5.367766952966369
v3_sc0_staging_19,L2,3,2,pose_only,False,0,False,True,False,False,True,5.367766952966369,0.8514693182963202,0.25,True,5.367766952966369
v3_sc0_staging_19,L2,3,2,separate,False,0,False,False,False,False,False,nan,nan,nan,False,5.367766952966369
v3_sc0_staging_19,L2,3,2,joint,False,0,False,False,False,False,False,nan,nan,nan,False,5.367766952966369
v3_sc0_staging_19,L2,3,2,oracle,False,0,False,True,False,False,True,5.367766952966369,0.9,0.25,True,5.367766952966369
v3_sc0_staging_19,L2,3,3,uncalibrated,False,0,True,True,False,False,True,4.93284271247462,0.75,0.4,True,4.903553390593274
v3_sc0_staging_19,L2,3,3,label_cell,False,0,False,True,False,False,True,4.932842712474619,0.55,0.55,True,4.903553390593274
v3_sc0_staging_19,L2,3,3,geometry,False,0,False,False,False,False,False,nan,nan,nan,False,4.903553390593274
v3_sc0_staging_19,L2,3,3,label_only,False,0,False,False,False,False,False,nan,nan,nan,False,4.903553390593274
v3_sc0_staging_19,L2,3,3,pose_only,False,0,False,True,False,False,True,5.112132034355964,0.75,0.4,True,4.903553390593274
v3_sc0_staging_19,L2,3,3,separate,False,0,False,False,False,False,False,nan,nan,nan,False,4.903553390593274
v3_sc0_staging_19,L2,3,3,joint,False,0,False,False,False,False,False,nan,nan,nan,False,4.903553390593274
v3_sc0_staging_19,L2,3,3,oracle,False,0,False,True,False,False,True,4.903553390593274,0.75,0.4,True,4.903553390593274
v3_sc0_staging_19,L2,3,4,uncalibrated,False,0,True,True,False,False,True,5.859188309203678,0.5147815070493501,0.49244289008980524,True,5.859188309203678
v3_sc0_staging_19,L2,3,4,label_cell,False,0,False,False,False,False,False,nan,nan,nan,False,5.859188309203678
v3_sc0_staging_19,L2,3,4,geometry,False,0,False,False,False,False,False,nan,nan,nan,False,5.859188309203678
v3_sc0_staging_19,L2,3,4,label_only,False,0,False,False,False,False,False,nan,nan,nan,False,5.859188309203678
v3_sc0_staging_19,L2,3,4,pose_only,False,0,False,True,False,False,True,5.921320343559643,0.65,0.49244289008980524,True,5.859188309203678
v3_sc0_staging_19,L2,3,4,separate,False,0,False,False,False,False,False,nan,nan,nan,False,5.859188309203678
v3_sc0_staging_19,L2,3,4,joint,False,0,False,False,False,False,False,nan,nan,nan,False,5.859188309203678
v3_sc0_staging_19,L2,3,4,oracle,False,0,False,True,False,False,True,5.859188309203678,0.5147815070493501,0.4301162633521314,True,5.859188309203678
v3_sc0_staging_19,L2,3,5,uncalibrated,False,0,True,True,False,False,True,5.547056274847714,0.8,0.35000000000000003,True,5.547056274847714
v3_sc0_staging_19,L2,3,5,label_cell,False,0,False,True,False,False,True,5.547056274847714,0.552268050859363,0.55,True,5.547056274847714
v3_sc0_staging_19,L2,3,5,geometry,False,0,False,False,False,False,False,nan,nan,nan,False,5.547056274847714
v3_sc0_staging_19,L2,3,5,label_only,False,0,False,False,False,False,False,nan,nan,nan,False,5.547056274847714
v3_sc0_staging_19,L2,3,5,pose_only,False,0,False,True,False,False,True,5.547056274847714,0.8,0.35000000000000003,True,5.547056274847714
v3_sc0_staging_19,L2,3,5,separate,False,0,False,False,False,False,False,nan,nan,nan,False,5.547056274847714
v3_sc0_staging_19,L2,3,5,joint,False,0,False,False,False,False,False,nan,nan,nan,False,5.547056274847714
v3_sc0_staging_19,L2,3,5,oracle,False,0,False,True,False,False,True,5.547056274847714,0.8,0.35000000000000003,True,5.547056274847714
v3_sc0_staging_19,L2,3,6,uncalibrated,False,0,True,False,False,False,False,nan,nan,nan,False,5.139949493661167
v3_sc0_staging_19,L2,3,6,label_cell,False,0,False,False,False,False,False,nan,nan,nan,False,5.139949493661167
v3_sc0_staging_19,L2,3,6,geometry,False,0,False,False,False,False,False,nan,nan,nan,False,5.139949493661167
v3_sc0_staging_19,L2,3,6,label_only,False,0,False,False,False,False,False,nan,nan,nan,False,5.139949493661167
v3_sc0_staging_19,L2,3,6,pose_only,False,0,False,False,False,False,False,nan,nan,nan,False,5.139949493661167
v3_sc0_staging_19,L2,3,6,separate,False,0,False,False,False,False,False,nan,nan,nan,False,5.139949493661167
v3_sc0_staging_19,L2,3,6,joint,False,0,False,False,False,False,False,nan,nan,nan,False,5.139949493661167
v3_sc0_staging_19,L2,3,6,oracle,False,0,False,True,False,False,True,5.139949493661167,0.5024937810560445,0.223606797749979,True,5.139949493661167
v3_sc0_staging_19,L2,3,7,uncalibrated,False,0,True,True,False,False,True,9.125483399593904,0.5099019513592785,0.25,True,8.861879502661798
v3_sc0_staging_19,L2,3,7,label_cell,False,0,False,False,False,False,False,nan,nan,nan,False,8.861879502661798
v3_sc0_staging_19,L2,3,7,geometry,False,0,False,False,False,False,False,nan,nan,nan,False,8.861879502661798
v3_sc0_staging_19,L2,3,7,label_only,False,0,False,False,False,False,False,nan,nan,nan,False,8.861879502661798
v3_sc0_staging_19,L2,3,7,pose_only,False,0,False,False,False,False,False,nan,nan,nan,False,8.861879502661798
v3_sc0_staging_19,L2,3,7,separate,False,0,False,False,False,False,False,nan,nan,nan,False,8.861879502661798
v3_sc0_staging_19,L2,3,7,joint,False,0,False,False,False,False,False,nan,nan,nan,False,8.861879502661798
v3_sc0_staging_19,L2,3,7,oracle,False,0,False,True,False,False,True,8.861879502661798,0.5099019513592785,0.20615528128088303,True,8.861879502661798
v3_sc0_staging_19,L2,3,8,uncalibrated,False,0,True,True,False,False,True,4.242031021678297,0.55,0.55,True,4.242031021678297
v3_sc0_staging_19,L2,3,8,label_cell,False,0,False,True,False,False,True,4.242031021678297,0.55,0.55,True,4.242031021678297
v3_sc0_staging_19,L2,3,8,geometry,False,0,False,False,False,False,False,nan,nan,nan,False,4.242031021678297
v3_sc0_staging_19,L2,3,8,label_only,False,0,False,False,False,False,False,nan,nan,nan,False,4.242031021678297
v3_sc0_staging_19,L2,3,8,pose_only,False,0,False,True,False,False,True,4.242031021678298,0.8,0.35000000000000003,True,4.242031021678297
v3_sc0_staging_19,L2,3,8,separate,False,0,False,False,False,False,False,nan,nan,nan,False,4.242031021678297
v3_sc0_staging_19,L2,3,8,joint,False,0,False,False,False,False,False,nan,nan,nan,False,4.242031021678297
v3_sc0_staging_19,L2,3,8,oracle,False,0,False,True,False,False,True,4.242031021678297,0.55,0.55,True,4.242031021678297
v3_sc0_staging_19,L2,3,9,uncalibrated,False,0,True,False,False,False,False,nan,nan,nan,False,4.869238815542513
v3_sc0_staging_19,L2,3,9,label_cell,False,0,False,False,False,False,False,nan,nan,nan,False,4.869238815542513
v3_sc0_staging_19,L2,3,9,geometry,False,0,False,False,False,False,False,nan,nan,nan,False,4.869238815542513
v3_sc0_staging_19,L2,3,9,label_only,False,0,False,False,False,False,False,nan,nan,nan,False,4.869238815542513
v3_sc0_staging_19,L2,3,9,pose_only,False,0,False,False,False,False,False,nan,nan,nan,False,4.869238815542513
v3_sc0_staging_19,L2,3,9,separate,False,0,False,False,False,False,False,nan,nan,nan,False,4.869238815542513
v3_sc0_staging_19,L2,3,9,joint,False,0,False,False,False,False,False,nan,nan,nan,False,4.869238815542513
v3_sc0_staging_19,L2,3,9,oracle,False,0,False,True,False,False,True,4.869238815542513,0.5024937810560445,0.30000000000000004,True,4.869238815542513
v3_sc0_staging_19,L2,3,10,uncalibrated,False,0,True,True,False,False,True,5.547056274847715,0.5099019513592785,0.4949747468305833,True,5.547056274847714
v3_sc0_staging_19,L2,3,10,label_cell,False,0,False,False,False,False,False,nan,nan,nan,False,5.547056274847714
v3_sc0_staging_19,L2,3,10,geometry,False,0,False,False,False,False,False,nan,nan,nan,False,5.547056274847714
v3_sc0_staging_19,L2,3,10,label_only,False,0,False,False,False,False,False,nan,nan,nan,False,5.547056274847714
v3_sc0_staging_19,L2,3,10,pose_only,False,0,False,True,False,False,True,5.629898987322333,0.65,0.4949747468305833,True,5.547056274847714
v3_sc0_staging_19,L2,3,10,separate,False,0,False,False,False,False,False,nan,nan,nan,False,5.547056274847714
v3_sc0_staging_19,L2,3,10,joint,False,0,False,False,False,False,False,nan,nan,nan,False,5.547056274847714
v3_sc0_staging_19,L2,3,10,oracle,False,0,False,True,False,False,True,5.547056274847714,0.5099019513592785,0.36055512754639896,True,5.547056274847714
v3_sc0_staging_19,L2,3,11,uncalibrated,False,0,True,True,False,False,True,4.533452377915607,0.7000000000000001,0.45,True,4.533452377915607
v3_sc0_staging_19,L2,3,11,label_cell,False,0,False,True,False,False,True,4.533452377915607,0.552268050859363,0.5385164807134504,True,4.533452377915607
v3_sc0_staging_19,L2,3,11,geometry,False,0,False,False,False,False,False,nan,nan,nan,False,4.533452377915607
v3_sc0_staging_19,L2,3,11,label_only,False,0,False,False,False,False,False,nan,nan,nan,False,4.533452377915607
v3_sc0_staging_19,L2,3,11,pose_only,False,0,False,True,False,False,True,4.562741699796951,0.7000000000000001,0.45,True,4.533452377915607
v3_sc0_staging_19,L2,3,11,separate,False,0,False,False,False,False,False,nan,nan,nan,False,4.533452377915607
v3_sc0_staging_19,L2,3,11,joint,False,0,False,False,False,False,False,nan,nan,nan,False,4.533452377915607
v3_sc0_staging_19,L2,3,11,oracle,False,0,False,True,False,False,True,4.533452377915607,0.7000000000000001,0.45,True,4.533452377915607
v3_sc0_staging_19,L2,3,12,uncalibrated,False,0,True,True,False,False,True,9.993250352560274,0.5147815070493501,0.25,True,9.246803743153547
v3_sc0_staging_19,L2,3,12,label_cell,False,0,False,False,False,False,False,nan,nan,nan,False,9.246803743153547
v3_sc0_staging_19,L2,3,12,geometry,False,0,False,False,False,False,False,nan,nan,nan,False,9.246803743153547
v3_sc0_staging_19,L2,3,12,label_only,False,0,False,False,False,False,False,nan,nan,nan,False,9.246803743153547
v3_sc0_staging_19,L2,3,12,pose_only,False,0,False,False,False,False,False,nan,nan,nan,False,9.246803743153547
v3_sc0_staging_19,L2,3,12,separate,False,0,False,False,False,False,False,nan,nan,nan,False,9.246803743153547
v3_sc0_staging_19,L2,3,12,joint,False,0,False,False,False,False,False,nan,nan,nan,False,9.246803743153547
v3_sc0_staging_19,L2,3,12,oracle,False,0,False,True,False,False,True,9.246803743153547,0.5147815070493501,0.20615528128088303,True,9.246803743153547
v3_sc0_staging_19,L2,3,13,uncalibrated,False,0,True,True,False,False,True,4.88284271247462,0.65,0.5,True,4.853553390593273
v3_sc0_staging_19,L2,3,13,label_cell,False,0,False,False,False,False,False,nan,nan,nan,False,4.853553390593273
v3_sc0_staging_19,L2,3,13,geometry,False,0,False,False,False,False,False,nan,nan,nan,False,4.853553390593273
v3_sc0_staging_19,L2,3,13,label_only,False,0,False,False,False,False,False,nan,nan,nan,False,4.853553390593273
v3_sc0_staging_19,L2,3,13,pose_only,False,0,False,False,False,False,False,nan,nan,nan,False,4.853553390593273
v3_sc0_staging_19,L2,3,13,separate,False,0,False,False,False,False,False,nan,nan,nan,False,4.853553390593273
v3_sc0_staging_19,L2,3,13,joint,False,0,False,False,False,False,False,nan,nan,nan,False,4.853553390593273
v3_sc0_staging_19,L2,3,13,oracle,False,0,False,True,False,False,True,4.853553390593273,0.65,0.447213595499958,True,4.853553390593273
v3_sc0_staging_19,L2,3,14,uncalibrated,False,0,True,False,False,False,False,nan,nan,nan,False,5.314213562373095
v3_sc0_staging_19,L2,3,14,label_cell,False,0,False,False,False,False,False,nan,nan,nan,False,5.314213562373095
v3_sc0_staging_19,L2,3,14,geometry,False,0,False,False,False,False,False,nan,nan,nan,False,5.314213562373095
v3_sc0_staging_19,L2,3,14,label_only,False,0,False,False,False,False,False,nan,nan,nan,False,5.314213562373095
v3_sc0_staging_19,L2,3,14,pose_only,False,0,False,False,False,False,False,nan,nan,nan,False,5.314213562373095
v3_sc0_staging_19,L2,3,14,separate,False,0,False,False,False,False,False,nan,nan,nan,False,5.314213562373095
v3_sc0_staging_19,L2,3,14,joint,False,0,False,False,False,False,False,nan,nan,nan,False,5.314213562373095
v3_sc0_staging_19,L2,3,14,oracle,False,0,False,True,False,False,True,5.314213562373095,0.5024937810560445,0.21213203435596426,True,5.314213562373095
v3_sc0_staging_19,L2,3,15,uncalibrated,False,0,True,True,False,False,True,3.4177669529663683,0.6000000000000001,0.28284271247461906,True,3.4177669529663683
v3_sc0_staging_19,L2,3,15,label_cell,False,0,False,True,False,False,True,3.4177669529663692,0.552268050859363,0.5315072906367325,True,3.4177669529663683
v3_sc0_staging_19,L2,3,15,geometry,False,0,False,False,False,False,False,nan,nan,nan,False,3.4177669529663683
v3_sc0_staging_19,L2,3,15,label_only,False,0,False,False,False,False,False,nan,nan,nan,False,3.4177669529663683
v3_sc0_staging_19,L2,3,15,pose_only,False,0,False,True,False,False,True,3.4177669529663692,0.8514693182963202,0.21213203435596426,True,3.4177669529663683
v3_sc0_staging_19,L2,3,15,separate,False,0,False,False,False,False,False,nan,nan,nan,False,3.4177669529663683
v3_sc0_staging_19,L2,3,15,joint,False,0,False,False,False,False,False,nan,nan,nan,False,3.4177669529663683
v3_sc0_staging_19,L2,3,15,oracle,False,0,False,True,False,False,True,3.4177669529663683,0.6000000000000001,0.28284271247461906,True,3.4177669529663683
v3_sc0_staging_19,L2,3,16,uncalibrated,False,0,True,True,False,False,True,4.7485281374238575,0.65,0.5,True,4.7485281374238575
v3_sc0_staging_19,L2,3,16,label_cell,False,0,False,True,False,False,True,4.748528137423857,0.552268050859363,0.5385164807134504,True,4.7485281374238575
v3_sc0_staging_19,L2,3,16,geometry,False,0,False,False,False,False,False,nan,nan,nan,False,4.7485281374238575
v3_sc0_staging_19,L2,3,16,label_only,False,0,False,False,False,False,False,nan,nan,nan,False,4.7485281374238575
v3_sc0_staging_19,L2,3,16,pose_only,False,0,False,True,False,False,True,4.7485281374238575,0.65,0.5,True,4.7485281374238575
v3_sc0_staging_19,L2,3,16,separate,False,0,False,False,False,False,False,nan,nan,nan,False,4.7485281374238575
v3_sc0_staging_19,L2,3,16,joint,False,0,False,False,False,False,False,nan,nan,nan,False,4.7485281374238575
v3_sc0_staging_19,L2,3,16,oracle,False,0,False,True,False,False,True,4.7485281374238575,0.65,0.5,True,4.7485281374238575
v3_sc0_staging_19,L2,3,17,uncalibrated,False,0,True,False,False,False,False,nan,nan,nan,False,4.819238815542512
v3_sc0_staging_19,L2,3,17,label_cell,False,0,False,False,False,False,False,nan,nan,nan,False,4.819238815542512
v3_sc0_staging_19,L2,3,17,geometry,False,0,False,False,False,False,False,nan,nan,nan,False,4.819238815542512
v3_sc0_staging_19,L2,3,17,label_only,False,0,False,False,False,False,False,nan,nan,nan,False,4.819238815542512
v3_sc0_staging_19,L2,3,17,pose_only,False,0,False,False,False,False,False,nan,nan,nan,False,4.819238815542512
v3_sc0_staging_19,L2,3,17,separate,False,0,False,False,False,False,False,nan,nan,nan,False,4.819238815542512
v3_sc0_staging_19,L2,3,17,joint,False,0,False,False,False,False,False,nan,nan,nan,False,4.819238815542512
v3_sc0_staging_19,L2,3,17,oracle,False,0,False,True,False,False,True,4.819238815542512,0.5024937810560445,0.20615528128088303,True,4.819238815542512
v3_sc0_staging_19,L2,3,18,uncalibrated,False,0,True,True,False,False,True,5.076345596729059,0.5024937810560445,0.5024937810560445,True,5.076345596729059
v3_sc0_staging_19,L2,3,18,label_cell,False,0,False,True,False,False,True,5.076345596729059,0.5024937810560445,0.5024937810560445,True,5.076345596729059
v3_sc0_staging_19,L2,3,18,geometry,False,0,False,False,False,False,False,nan,nan,nan,False,5.076345596729059
v3_sc0_staging_19,L2,3,18,label_only,False,0,False,False,False,False,False,nan,nan,nan,False,5.076345596729059
v3_sc0_staging_19,L2,3,18,pose_only,False,0,False,True,False,False,True,5.076345596729059,0.65,0.5,True,5.076345596729059
v3_sc0_staging_19,L2,3,18,separate,False,0,False,False,False,False,False,nan,nan,nan,False,5.076345596729059
v3_sc0_staging_19,L2,3,18,joint,False,0,False,False,False,False,False,nan,nan,nan,False,5.076345596729059
v3_sc0_staging_19,L2,3,18,oracle,False,0,False,True,False,False,True,5.076345596729059,0.5024937810560445,0.3640054944640259,True,5.076345596729059
v3_sc0_staging_19,L2,3,19,uncalibrated,False,0,True,True,False,False,True,4.245584412271571,0.75,0.32015621187164245,True,4.187005768508881
v3_sc0_staging_19,L2,3,19,label_cell,False,0,False,True,False,False,True,4.245584412271571,0.552268050859363,0.5315072906367325,True,4.187005768508881
v3_sc0_staging_19,L2,3,19,geometry,False,0,False,False,False,False,False,nan,nan,nan,False,4.187005768508881
v3_sc0_staging_19,L2,3,19,label_only,False,0,False,False,False,False,False,nan,nan,nan,False,4.187005768508881
v3_sc0_staging_19,L2,3,19,pose_only,False,0,False,True,False,False,True,4.354163056034262,0.75,0.32015621187164245,True,4.187005768508881
v3_sc0_staging_19,L2,3,19,separate,False,0,False,False,False,False,False,nan,nan,nan,False,4.187005768508881
v3_sc0_staging_19,L2,3,19,joint,False,0,False,False,False,False,False,nan,nan,nan,False,4.187005768508881
v3_sc0_staging_19,L2,3,19,oracle,False,0,False,True,False,False,True,4.187005768508881,0.75,0.32015621187164245,True,4.187005768508881
v3_sc0_staging_19,L2,4,0,uncalibrated,False,0,True,True,False,False,True,4.739949493661167,0.75,0.35000000000000003,True,4.739949493661167
v3_sc0_staging_19,L2,4,0,label_cell,False,0,False,False,False,False,False,nan,nan,nan,False,4.739949493661167
v3_sc0_staging_19,L2,4,0,geometry,False,0,False,False,False,False,False,nan,nan,nan,False,4.739949493661167
v3_sc0_staging_19,L2,4,0,label_only,False,0,False,False,False,False,False,nan,nan,nan,False,4.739949493661167
v3_sc0_staging_19,L2,4,0,pose_only,False,0,False,True,False,False,True,4.739949493661167,0.75,0.35000000000000003,True,4.739949493661167
v3_sc0_staging_19,L2,4,0,separate,False,0,False,False,False,False,False,nan,nan,nan,False,4.739949493661167
v3_sc0_staging_19,L2,4,0,joint,False,0,False,False,False,False,False,nan,nan,nan,False,4.739949493661167
v3_sc0_staging_19,L2,4,0,oracle,False,0,False,True,False,False,True,4.739949493661167,0.75,0.35000000000000003,True,4.739949493661167
v3_sc0_staging_19,L2,4,1,uncalibrated,False,0,True,False,False,False,False,nan,nan,nan,False,5.833452377915606
v3_sc0_staging_19,L2,4,1,label_cell,False,0,False,False,False,False,False,nan,nan,nan,False,5.833452377915606
v3_sc0_staging_19,L2,4,1,geometry,False,0,False,False,False,False,False,nan,nan,nan,False,5.833452377915606
v3_sc0_staging_19,L2,4,1,label_only,False,0,False,False,False,False,False,nan,nan,nan,False,5.833452377915606
v3_sc0_staging_19,L2,4,1,pose_only,False,0,False,False,False,False,False,nan,nan,nan,False,5.833452377915606
v3_sc0_staging_19,L2,4,1,separate,False,0,False,False,False,False,False,nan,nan,nan,False,5.833452377915606
v3_sc0_staging_19,L2,4,1,joint,False,0,False,False,False,False,False,nan,nan,nan,False,5.833452377915606
v3_sc0_staging_19,L2,4,1,oracle,False,0,False,True,False,False,True,5.833452377915606,0.5147815070493501,0.20615528128088303,True,5.833452377915606
v3_sc0_staging_19,L2,4,2,uncalibrated,False,0,True,True,False,False,True,5.409188309203679,0.9500000000000001,0.2,True,5.409188309203679
v3_sc0_staging_19,L2,4,2,label_cell,False,0,False,False,False,False,False,nan,nan,nan,False,5.409188309203679
v3_sc0_staging_19,L2,4,2,geometry,False,0,False,False,False,False,False,nan,nan,nan,False,5.409188309203679
v3_sc0_staging_19,L2,4,2,label_only,False,0,False,False,False,False,False,nan,nan,nan,False,5.409188309203679
v3_sc0_staging_19,L2,4,2,pose_only,False,0,False,True,False,False,True,5.409188309203679,0.9500000000000001,0.2,True,5.409188309203679
v3_sc0_staging_19,L2,4,2,separate,False,0,False,False,False,False,False,nan,nan,nan,False,5.409188309203679
v3_sc0_staging_19,L2,4,2,joint,False,0,False,False,False,False,False,nan,nan,nan,False,5.409188309203679
v3_sc0_staging_19,L2,4,2,oracle,False,0,False,True,False,False,True,5.409188309203679,0.912414379544733,0.20615528128088303,True,5.409188309203679
v3_sc0_staging_19,L2,4,3,uncalibrated,False,0,True,True,False,False,True,4.891421356237309,0.7000000000000001,0.4,True,4.862132034355965
v3_sc0_staging_19,L2,4,3,label_cell,False,0,False,False,False,False,False,nan,nan,nan,False,4.862132034355965
v3_sc0_staging_19,L2,4,3,geometry,False,0,False,False,False,False,False,nan,nan,nan,False,4.862132034355965
v3_sc0_staging_19,L2,4,3,label_only,False,0,False,False,False,False,False,nan,nan,nan,False,4.862132034355965
v3_sc0_staging_19,L2,4,3,pose_only,False,0,False,False,False,False,False,nan,nan,nan,False,4.862132034355965
v3_sc0_staging_19,L2,4,3,separate,False,0,False,False,False,False,False,nan,nan,nan,False,4.862132034355965
v3_sc0_staging_19,L2,4,3,joint,False,0,False,False,False,False,False,nan,nan,nan,False,4.862132034355965
v3_sc0_staging_19,L2,4,3,oracle,False,0,False,True,False,False,True,4.862132034355965,0.7000000000000001,0.4,True,4.862132034355965
v3_sc0_staging_19,L2,4,4,uncalibrated,False,0,True,True,False,False,True,5.871320343559643,0.65,0.45276925690687087,True,5.871320343559643
v3_sc0_staging_19,L2,4,4,label_cell,False,0,False,False,False,False,False,nan,nan,nan,False,5.871320343559643
v3_sc0_staging_19,L2,4,4,geometry,False,0,False,False,False,False,False,nan,nan,nan,False,5.871320343559643
v3_sc0_staging_19,L2,4,4,label_only,False,0,False,False,False,False,False,nan,nan,nan,False,5.871320343559643
v3_sc0_staging_19,L2,4,4,pose_only,False,0,False,True,False,False,True,5.933452377915608,0.75,0.35000000000000003,True,5.871320343559643
v3_sc0_staging_19,L2,4,4,separate,False,0,False,False,False,False,False,nan,nan,nan,False,5.871320343559643
v3_sc0_staging_19,L2,4,4,joint,False,0,False,False,False,False,False,nan,nan,nan,False,5.871320343559643
v3_sc0_staging_19,L2,4,4,oracle,False,0,False,True,False,False,True,5.871320343559643,0.5147815070493501,0.4301162633521314,True,5.871320343559643
v3_sc0_staging_19,L2,4,5,uncalibrated,False,0,True,True,False,False,True,5.538477631085024,0.8500000000000001,0.25,True,5.538477631085024
v3_sc0_staging_19,L2,4,5,label_cell,False,0,False,False,False,False,False,nan,nan,nan,False,5.538477631085024
v3_sc0_staging_19,L2,4,5,geometry,False,0,False,False,False,False,False,nan,nan,nan,False,5.538477631085024
v3_sc0_staging_19,L2,4,5,label_only,False,0,False,False,False,False,False,nan,nan,nan,False,5.538477631085024
v3_sc0_staging_19,L2,4,5,pose_only,False,0,False,True,False,False,True,5.538477631085024,0.8500000000000001,0.25,True,5.538477631085024
v3_sc0_staging_19,L2,4,5,separate,False,0,False,False,False,False,False,nan,nan,nan,False,5.538477631085024
v3_sc0_staging_19,L2,4,5,joint,False,0,False,False,False,False,False,nan,nan,nan,False,5.538477631085024
v3_sc0_staging_19,L2,4,5,oracle,False,0,False,True,False,False,True,5.538477631085024,0.8500000000000001,0.25,True,5.538477631085024
v3_sc0_staging_19,L2,4,6,uncalibrated,False,0,True,False,False,False,False,nan,nan,nan,False,5.189949493661167
v3_sc0_staging_19,L2,4,6,label_cell,False,0,False,False,False,False,False,nan,nan,nan,False,5.189949493661167
v3_sc0_staging_19,L2,4,6,geometry,False,0,False,False,False,False,False,nan,nan,nan,False,5.189949493661167
v3_sc0_staging_19,L2,4,6,label_only,False,0,False,False,False,False,False,nan,nan,nan,False,5.189949493661167
v3_sc0_staging_19,L2,4,6,pose_only,False,0,False,False,False,False,False,nan,nan,nan,False,5.189949493661167
v3_sc0_staging_19,L2,4,6,separate,False,0,False,False,False,False,False,nan,nan,nan,False,5.189949493661167
v3_sc0_staging_19,L2,4,6,joint,False,0,False,False,False,False,False,nan,nan,nan,False,5.189949493661167
v3_sc0_staging_19,L2,4,6,oracle,False,0,False,True,False,False,True,5.189949493661167,0.5220153254455275,0.223606797749979,True,5.189949493661167
v3_sc0_staging_19,L2,4,7,uncalibrated,False,0,True,False,False,False,False,nan,nan,nan,False,8.794722215136417
v3_sc0_staging_19,L2,4,7,label_cell,False,0,False,False,False,False,False,nan,nan,nan,False,8.794722215136417
v3_sc0_staging_19,L2,4,7,geometry,False,0,False,False,False,False,False,nan,nan,nan,False,8.794722215136417
v3_sc0_staging_19,L2,4,7,label_only,False,0,False,False,False,False,False,nan,nan,nan,False,8.794722215136417
v3_sc0_staging_19,L2,4,7,pose_only,False,0,False,False,False,False,False,nan,nan,nan,False,8.794722215136417
v3_sc0_staging_19,L2,4,7,separate,False,0,False,False,False,False,False,nan,nan,nan,False,8.794722215136417
v3_sc0_staging_19,L2,4,7,joint,False,0,False,False,False,False,False,nan,nan,nan,False,8.794722215136417
v3_sc0_staging_19,L2,4,7,oracle,False,0,False,True,False,False,True,8.794722215136417,0.6726812023536856,0.20615528128088303,True,8.794722215136417
v3_sc0_staging_19,L2,4,8,uncalibrated,False,0,True,True,False,False,True,4.233452377915606,0.9,0.25,True,4.233452377915606
v3_sc0_staging_19,L2,4,8,label_cell,False,0,False,False,False,False,False,nan,nan,nan,False,4.233452377915606
v3_sc0_staging_19,L2,4,8,geometry,False,0,False,False,False,False,False,nan,nan,nan,False,4.233452377915606
v3_sc0_staging_19,L2,4,8,label_only,False,0,False,False,False,False,False,nan,nan,nan,False,4.233452377915606
v3_sc0_staging_19,L2,4,8,pose_only,False,0,False,True,False,False,True,4.233452377915606,0.9,0.25,True,4.233452377915606
v3_sc0_staging_19,L2,4,8,separate,False,0,False,False,False,False,False,nan,nan,nan,False,4.233452377915606
v3_sc0_staging_19,L2,4,8,joint,False,0,False,False,False,False,False,nan,nan,nan,False,4.233452377915606
v3_sc0_staging_19,L2,4,8,oracle,False,0,False,True,False,False,True,4.233452377915606,0.65,0.5,True,4.233452377915606
v3_sc0_staging_19,L2,4,9,uncalibrated,False,0,True,False,False,False,False,nan,nan,nan,False,4.819238815542512
v3_sc0_staging_19,L2,4,9,label_cell,False,0,False,False,False,False,False,nan,nan,nan,False,4.819238815542512
v3_sc0_staging_19,L2,4,9,geometry,False,0,False,False,False,False,False,nan,nan,nan,False,4.819238815542512
v3_sc0_staging_19,L2,4,9,label_only,False,0,False,False,False,False,False,nan,nan,nan,False,4.819238815542512
v3_sc0_staging_19,L2,4,9,pose_only,False,0,False,False,False,False,False,nan,nan,nan,False,4.819238815542512
v3_sc0_staging_19,L2,4,9,separate,False,0,False,False,False,False,False,nan,nan,nan,False,4.819238815542512
v3_sc0_staging_19,L2,4,9,joint,False,0,False,False,False,False,False,nan,nan,nan,False,4.819238815542512
v3_sc0_staging_19,L2,4,9,oracle,False,0,False,True,False,False,True,4.819238815542512,0.55,0.30000000000000004,True,4.819238815542512
v3_sc0_staging_19,L2,4,10,uncalibrated,False,0,True,True,False,False,True,5.5591883092036785,0.65,0.45276925690687087,True,5.538477631085023
v3_sc0_staging_19,L2,4,10,label_cell,False,0,False,False,False,False,False,nan,nan,nan,False,5.538477631085023
v3_sc0_staging_19,L2,4,10,geometry,False,0,False,False,False,False,False,nan,nan,nan,False,5.538477631085023
v3_sc0_staging_19,L2,4,10,label_only,False,0,False,False,False,False,False,nan,nan,nan,False,5.538477631085023
v3_sc0_staging_19,L2,4,10,pose_only,False,0,False,True,False,False,True,5.662741699796952,0.75,0.35000000000000003,True,5.538477631085023
v3_sc0_staging_19,L2,4,10,separate,False,0,False,False,False,False,False,nan,nan,nan,False,5.538477631085023
v3_sc0_staging_19,L2,4,10,joint,False,0,False,False,False,False,False,nan,nan,nan,False,5.538477631085023
v3_sc0_staging_19,L2,4,10,oracle,False,0,False,True,False,False,True,5.538477631085023,0.5024937810560445,0.36055512754639896,True,5.538477631085023
v3_sc0_staging_19,L2,4,11,uncalibrated,False,0,True,True,False,False,True,4.524873734152917,0.7762087348130012,0.35000000000000003,True,4.524873734152916
v3_sc0_staging_19,L2,4,11,label_cell,False,0,False,False,False,False,False,nan,nan,nan,False,4.524873734152916
v3_sc0_staging_19,L2,4,11,geometry,False,0,False,False,False,False,False,nan,nan,nan,False,4.524873734152916
v3_sc0_staging_19,L2,4,11,label_only,False,0,False,False,False,False,False,nan,nan,nan,False,4.524873734152916
v3_sc0_staging_19,L2,4,11,pose_only,False,0,False,True,False,False,True,4.583452377915606,0.7762087348130012,0.35000000000000003,True,4.524873734152916
v3_sc0_staging_19,L2,4,11,separate,False,0,False,False,False,False,False,nan,nan,nan,False,4.524873734152916
v3_sc0_staging_19,L2,4,11,joint,False,0,False,False,False,False,False,nan,nan,nan,False,4.524873734152916
v3_sc0_staging_19,L2,4,11,oracle,False,0,False,True,False,False,True,4.524873734152916,0.5099019513592785,0.5,True,4.524873734152916
v3_sc0_staging_19,L2,4,12,uncalibrated,False,0,True,True,False,False,True,10.03111831820431,0.6670832032063168,0.25,True,9.167514421272202
v3_sc0_staging_19,L2,4,12,label_cell,False,0,False,False,False,False,False,nan,nan,nan,False,9.167514421272202
v3_sc0_staging_19,L2,4,12,geometry,False,0,False,False,False,False,False,nan,nan,nan,False,9.167514421272202
v3_sc0_staging_19,L2,4,12,label_only,False,0,False,False,False,False,False,nan,nan,nan,False,9.167514421272202
v3_sc0_staging_19,L2,4,12,pose_only,False,0,False,False,False,False,False,nan,nan,nan,False,9.167514421272202
v3_sc0_staging_19,L2,4,12,separate,False,0,False,False,False,False,False,nan,nan,nan,False,9.167514421272202
v3_sc0_staging_19,L2,4,12,joint,False,0,False,False,False,False,False,nan,nan,nan,False,9.167514421272202
v3_sc0_staging_19,L2,4,12,oracle,False,0,False,True,False,False,True,9.167514421272202,0.5147815070493501,0.20615528128088303,True,9.167514421272202
v3_sc0_staging_19,L2,4,13,uncalibrated,False,0,True,True,False,False,True,4.88284271247462,0.65,0.45276925690687087,True,4.812132034355964
v3_sc0_staging_19,L2,4,13,label_cell,False,0,False,False,False,False,False,nan,nan,nan,False,4.812132034355964
v3_sc0_staging_19,L2,4,13,geometry,False,0,False,False,False,False,False,nan,nan,nan,False,4.812132034355964
v3_sc0_staging_19,L2,4,13,label_only,False,0,False,False,False,False,False,nan,nan,nan,False,4.812132034355964
v3_sc0_staging_19,L2,4,13,pose_only,False,0,False,False,False,False,False,nan,nan,nan,False,4.812132034355964
v3_sc0_staging_19,L2,4,13,separate,False,0,False,False,False,False,False,nan,nan,nan,False,4.812132034355964
v3_sc0_staging_19,L2,4,13,joint,False,0,False,False,False,False,False,nan,nan,nan,False,4.812132034355964
v3_sc0_staging_19,L2,4,13,oracle,False,0,False,True,False,False,True,4.812132034355964,0.6000000000000001,0.42720018726587655,True,4.812132034355964
v3_sc0_staging_19,L2,4,14,uncalibrated,False,0,True,False,False,False,False,nan,nan,nan,False,5.314213562373095
v3_sc0_staging_19,L2,4,14,label_cell,False,0,False,False,False,False,False,nan,nan,nan,False,5.314213562373095
v3_sc0_staging_19,L2,4,14,geometry,False,0,False,False,False,False,False,nan,nan,nan,False,5.314213562373095
v3_sc0_staging_19,L2,4,14,label_only,False,0,False,False,False,False,False,nan,nan,nan,False,5.314213562373095
v3_sc0_staging_19,L2,4,14,pose_only,False,0,False,False,False,False,False,nan,nan,nan,False,5.314213562373095
v3_sc0_staging_19,L2,4,14,separate,False,0,False,False,False,False,False,nan,nan,nan,False,5.314213562373095
v3_sc0_staging_19,L2,4,14,joint,False,0,False,False,False,False,False,nan,nan,nan,False,5.314213562373095
v3_sc0_staging_19,L2,4,14,oracle,False,0,False,True,False,False,True,5.314213562373095,0.5024937810560445,0.21213203435596426,True,5.314213562373095
v3_sc0_staging_19,L2,4,15,uncalibrated,False,0,True,True,False,False,True,3.4384776310850236,0.912414379544733,0.18027756377319948,True,3.438477631085023
v3_sc0_staging_19,L2,4,15,label_cell,False,0,False,False,False,False,False,nan,nan,nan,False,3.438477631085023
v3_sc0_staging_19,L2,4,15,geometry,False,0,False,False,False,False,False,nan,nan,nan,False,3.438477631085023
v3_sc0_staging_19,L2,4,15,label_only,False,0,False,False,False,False,False,nan,nan,nan,False,3.438477631085023
v3_sc0_staging_19,L2,4,15,pose_only,False,0,False,True,False,False,True,3.4384776310850236,0.912414379544733,0.18027756377319948,True,3.438477631085023
v3_sc0_staging_19,L2,4,15,separate,False,0,False,False,False,False,False,nan,nan,nan,False,3.438477631085023
v3_sc0_staging_19,L2,4,15,joint,False,0,False,False,False,False,False,nan,nan,nan,False,3.438477631085023
v3_sc0_staging_19,L2,4,15,oracle,False,0,False,True,False,False,True,3.438477631085023,0.651920240520265,0.28284271247461906,True,3.438477631085023
v3_sc0_staging_19,L2,4,16,uncalibrated,False,0,True,True,False,False,True,4.789949493661167,0.7000000000000001,0.4,True,4.789949493661167
v3_sc0_staging_19,L2,4,16,label_cell,False,0,False,False,False,False,False,nan,nan,nan,False,4.789949493661167
v3_sc0_staging_19,L2,4,16,geometry,False,0,False,False,False,False,False,nan,nan,nan,False,4.789949493661167
v3_sc0_staging_19,L2,4,16,label_only,False,0,False,False,False,False,False,nan,nan,nan,False,4.789949493661167
v3_sc0_staging_19,L2,4,16,pose_only,False,0,False,True,False,False,True,4.789949493661167,0.9500000000000001,0.2,True,4.789949493661167
v3_sc0_staging_19,L2,4,16,separate,False,0,False,False,False,False,False,nan,nan,nan,False,4.789949493661167
v3_sc0_staging_19,L2,4,16,joint,False,0,False,False,False,False,False,nan,nan,nan,False,4.789949493661167
v3_sc0_staging_19,L2,4,16,oracle,False,0,False,True,False,False,True,4.789949493661167,0.7000000000000001,0.4,True,4.789949493661167
v3_sc0_staging_19,L2,4,17,uncalibrated,False,0,True,False,False,False,False,nan,nan,nan,False,4.869238815542513
v3_sc0_staging_19,L2,4,17,label_cell,False,0,False,False,False,False,False,nan,nan,nan,False,4.869238815542513
v3_sc0_staging_19,L2,4,17,geometry,False,0,False,False,False,False,False,nan,nan,nan,False,4.869238815542513
v3_sc0_staging_19,L2,4,17,label_only,False,0,False,False,False,False,False,nan,nan,nan,False,4.869238815542513
v3_sc0_staging_19,L2,4,17,pose_only,False,0,False,False,False,False,False,nan,nan,nan,False,4.869238815542513
v3_sc0_staging_19,L2,4,17,separate,False,0,False,False,False,False,False,nan,nan,nan,False,4.869238815542513
v3_sc0_staging_19,L2,4,17,joint,False,0,False,False,False,False,False,nan,nan,nan,False,4.869238815542513
v3_sc0_staging_19,L2,4,17,oracle,False,0,False,True,False,False,True,4.869238815542513,0.5024937810560445,0.20615528128088303,True,4.869238815542513
v3_sc0_staging_19,L2,4,18,uncalibrated,False,0,True,True,False,False,True,5.06776695296637,0.65,0.45276925690687087,True,5.067766952966369
v3_sc0_staging_19,L2,4,18,label_cell,False,0,False,False,False,False,False,nan,nan,nan,False,5.067766952966369
v3_sc0_staging_19,L2,4,18,geometry,False,0,False,False,False,False,False,nan,nan,nan,False,5.067766952966369
v3_sc0_staging_19,L2,4,18,label_only,False,0,False,False,False,False,False,nan,nan,nan,False,5.067766952966369
v3_sc0_staging_19,L2,4,18,pose_only,False,0,False,True,False,False,True,5.097056274847714,0.75,0.35000000000000003,True,5.067766952966369
v3_sc0_staging_19,L2,4,18,separate,False,0,False,False,False,False,False,nan,nan,nan,False,5.067766952966369
v3_sc0_staging_19,L2,4,18,joint,False,0,False,False,False,False,False,nan,nan,nan,False,5.067766952966369
v3_sc0_staging_19,L2,4,18,oracle,False,0,False,True,False,False,True,5.067766952966369,0.5024937810560445,0.3640054944640259,True,5.067766952966369
v3_sc0_staging_19,L2,4,19,uncalibrated,False,0,True,True,False,False,True,4.2662950903902255,0.8500000000000001,0.28284271247461906,True,4.1784271247461895
v3_sc0_staging_19,L2,4,19,label_cell,False,0,False,False,False,False,False,nan,nan,nan,False,4.1784271247461895
v3_sc0_staging_19,L2,4,19,geometry,False,0,False,False,False,False,False,nan,nan,nan,False,4.1784271247461895
v3_sc0_staging_19,L2,4,19,label_only,False,0,False,False,False,False,False,nan,nan,nan,False,4.1784271247461895
v3_sc0_staging_19,L2,4,19,pose_only,False,0,False,True,False,False,True,4.404163056034262,0.8500000000000001,0.28284271247461906,True,4.1784271247461895
v3_sc0_staging_19,L2,4,19,separate,False,0,False,False,False,False,False,nan,nan,nan,False,4.1784271247461895
v3_sc0_staging_19,L2,4,19,joint,False,0,False,False,False,False,False,nan,nan,nan,False,4.1784271247461895
v3_sc0_staging_19,L2,4,19,oracle,False,0,False,True,False,False,True,4.1784271247461895,0.6000000000000001,0.4242640687119285,True,4.1784271247461895
v3_sc0_staging_19,L3,0,0,uncalibrated,False,0,True,True,False,False,True,4.7192388155425125,0.7000000000000001,0.4,True,4.7192388155425125
v3_sc0_staging_19,L3,0,0,label_cell,False,0,False,True,False,False,True,4.7192388155425125,0.65,0.49244289008980524,True,4.7192388155425125
v3_sc0_staging_19,L3,0,0,geometry,False,0,False,False,False,False,False,nan,nan,nan,False,4.7192388155425125
v3_sc0_staging_19,L3,0,0,label_only,False,0,False,False,False,False,False,nan,nan,nan,False,4.7192388155425125
v3_sc0_staging_19,L3,0,0,pose_only,False,0,False,True,False,False,True,4.7192388155425125,0.9500000000000001,0.2,True,4.7192388155425125
v3_sc0_staging_19,L3,0,0,separate,False,0,False,False,False,False,False,nan,nan,nan,False,4.7192388155425125
v3_sc0_staging_19,L3,0,0,joint,False,0,False,False,False,False,False,nan,nan,nan,False,4.7192388155425125
v3_sc0_staging_19,L3,0,0,oracle,False,0,False,True,False,False,True,4.7192388155425125,0.7000000000000001,0.4,True,4.7192388155425125
v3_sc0_staging_19,L3,0,1,uncalibrated,False,0,True,False,False,False,False,nan,nan,nan,False,5.812741699796952
v3_sc0_staging_19,L3,0,1,label_cell,False,0,False,False,False,False,False,nan,nan,nan,False,5.812741699796952
v3_sc0_staging_19,L3,0,1,geometry,False,0,False,False,False,False,False,nan,nan,nan,False,5.812741699796952
v3_sc0_staging_19,L3,0,1,label_only,False,0,False,False,False,False,False,nan,nan,nan,False,5.812741699796952
v3_sc0_staging_19,L3,0,1,pose_only,False,0,False,False,False,False,False,nan,nan,nan,False,5.812741699796952
v3_sc0_staging_19,L3,0,1,separate,False,0,False,False,False,False,False,nan,nan,nan,False,5.812741699796952
v3_sc0_staging_19,L3,0,1,joint,False,0,False,False,False,False,False,nan,nan,nan,False,5.812741699796952
v3_sc0_staging_19,L3,0,1,oracle,False,0,False,True,False,False,True,5.812741699796952,0.5147815070493501,0.20615528128088303,True,5.812741699796952
v3_sc0_staging_19,L3,0,2,uncalibrated,False,0,True,True,False,False,True,5.388477631085024,0.9,0.2,True,5.388477631085024
v3_sc0_staging_19,L3,0,2,label_cell,False,0,False,True,False,False,True,5.388477631085024,0.65,0.49244289008980524,True,5.388477631085024
v3_sc0_staging_19,L3,0,2,geometry,False,0,False,False,False,False,False,nan,nan,nan,False,5.388477631085024
v3_sc0_staging_19,L3,0,2,label_only,False,0,False,False,False,False,False,nan,nan,nan,False,5.388477631085024
v3_sc0_staging_19,L3,0,2,pose_only,False,0,False,True,False,False,True,5.388477631085024,0.9,0.2,True,5.388477631085024
v3_sc0_staging_19,L3,0,2,separate,False,0,False,False,False,False,False,nan,nan,nan,False,5.388477631085024
v3_sc0_staging_19,L3,0,2,joint,False,0,False,False,False,False,False,nan,nan,nan,False,5.388477631085024
v3_sc0_staging_19,L3,0,2,oracle,False,0,False,True,False,False,True,5.388477631085024,0.9,0.20615528128088303,True,5.388477631085024
v3_sc0_staging_19,L3,0,3,uncalibrated,False,0,True,True,False,False,True,4.912132034355964,0.7000000000000001,0.4,True,4.88284271247462
v3_sc0_staging_19,L3,0,3,label_cell,False,0,False,True,False,False,True,4.912132034355964,0.6000000000000001,0.5,True,4.88284271247462
v3_sc0_staging_19,L3,0,3,geometry,False,0,False,False,False,False,False,nan,nan,nan,False,4.88284271247462
v3_sc0_staging_19,L3,0,3,label_only,False,0,False,False,False,False,False,nan,nan,nan,False,4.88284271247462
v3_sc0_staging_19,L3,0,3,pose_only,False,0,False,False,False,False,False,nan,nan,nan,False,4.88284271247462
v3_sc0_staging_19,L3,0,3,separate,False,0,False,False,False,False,False,nan,nan,nan,False,4.88284271247462
v3_sc0_staging_19,L3,0,3,joint,False,0,False,False,False,False,False,nan,nan,nan,False,4.88284271247462
v3_sc0_staging_19,L3,0,3,oracle,False,0,False,True,False,False,True,4.88284271247462,0.7000000000000001,0.4,True,4.88284271247462
v3_sc0_staging_19,L3,0,4,uncalibrated,False,0,True,True,False,False,True,5.850609665440988,0.6000000000000001,0.5,True,5.850609665440988
v3_sc0_staging_19,L3,0,4,label_cell,False,0,False,False,False,False,False,nan,nan,nan,False,5.850609665440988
v3_sc0_staging_19,L3,0,4,geometry,False,0,False,False,False,False,False,nan,nan,nan,False,5.850609665440988
v3_sc0_staging_19,L3,0,4,label_only,False,0,False,False,False,False,False,nan,nan,nan,False,5.850609665440988
v3_sc0_staging_19,L3,0,4,pose_only,False,0,False,True,False,False,True,5.912741699796953,0.75,0.35000000000000003,True,5.850609665440988
v3_sc0_staging_19,L3,0,4,separate,False,0,False,False,False,False,False,nan,nan,nan,False,5.850609665440988
v3_sc0_staging_19,L3,0,4,joint,False,0,False,False,False,False,False,nan,nan,nan,False,5.850609665440988
v3_sc0_staging_19,L3,0,4,oracle,False,0,False,True,False,False,True,5.850609665440988,0.5147815070493501,0.4301162633521314,True,5.850609665440988
v3_sc0_staging_19,L3,0,5,uncalibrated,False,0,True,True,False,False,True,5.517766952966369,0.8,0.30000000000000004,True,5.517766952966369
v3_sc0_staging_19,L3,0,5,label_cell,False,0,False,True,False,False,True,5.517766952966369,0.6000000000000001,0.5,True,5.517766952966369
v3_sc0_staging_19,L3,0,5,geometry,False,0,False,False,False,False,False,nan,nan,nan,False,5.517766952966369
v3_sc0_staging_19,L3,0,5,label_only,False,0,False,False,False,False,False,nan,nan,nan,False,5.517766952966369
v3_sc0_staging_19,L3,0,5,pose_only,False,0,False,True,False,False,True,5.517766952966369,0.8,0.30000000000000004,True,5.517766952966369
v3_sc0_staging_19,L3,0,5,separate,False,0,False,False,False,False,False,nan,nan,nan,False,5.517766952966369
v3_sc0_staging_19,L3,0,5,joint,False,0,False,False,False,False,False,nan,nan,nan,False,5.517766952966369
v3_sc0_staging_19,L3,0,5,oracle,False,0,False,True,False,False,True,5.517766952966369,0.8,0.30000000000000004,True,5.517766952966369
v3_sc0_staging_19,L3,0,6,uncalibrated,False,0,True,False,False,False,False,nan,nan,nan,False,5.210660171779821
v3_sc0_staging_19,L3,0,6,label_cell,False,0,False,False,False,False,False,nan,nan,nan,False,5.210660171779821
v3_sc0_staging_19,L3,0,6,geometry,False,0,False,False,False,False,False,nan,nan,nan,False,5.210660171779821
v3_sc0_staging_19,L3,0,6,label_only,False,0,False,False,False,False,False,nan,nan,nan,False,5.210660171779821
v3_sc0_staging_19,L3,0,6,pose_only,False,0,False,False,False,False,False,nan,nan,nan,False,5.210660171779821
v3_sc0_staging_19,L3,0,6,separate,False,0,False,False,False,False,False,nan,nan,nan,False,5.210660171779821
v3_sc0_staging_19,L3,0,6,joint,False,0,False,False,False,False,False,nan,nan,nan,False,5.210660171779821
v3_sc0_staging_19,L3,0,6,oracle,False,0,False,True,False,False,True,5.210660171779821,0.5220153254455275,0.223606797749979,True,5.210660171779821
v3_sc0_staging_19,L3,0,7,uncalibrated,False,0,True,False,False,False,False,nan,nan,nan,False,8.803300858899107
v3_sc0_staging_19,L3,0,7,label_cell,False,0,False,False,False,False,False,nan,nan,nan,False,8.803300858899107
v3_sc0_staging_19,L3,0,7,geometry,False,0,False,False,False,False,False,nan,nan,nan,False,8.803300858899107
v3_sc0_staging_19,L3,0,7,label_only,False,0,False,False,False,False,False,nan,nan,nan,False,8.803300858899107
v3_sc0_staging_19,L3,0,7,pose_only,False,0,False,False,False,False,False,nan,nan,nan,False,8.803300858899107
v3_sc0_staging_19,L3,0,7,separate,False,0,False,False,False,False,False,nan,nan,nan,False,8.803300858899107
v3_sc0_staging_19,L3,0,7,joint,False,0,False,False,False,False,False,nan,nan,nan,False,8.803300858899107
v3_sc0_staging_19,L3,0,7,oracle,False,0,False,True,False,False,True,8.803300858899107,0.5099019513592785,0.20615528128088303,True,8.803300858899107
v3_sc0_staging_19,L3,0,8,uncalibrated,False,0,True,True,False,False,True,4.212741699796951,0.8500000000000001,0.30000000000000004,True,4.212741699796951
v3_sc0_staging_19,L3,0,8,label_cell,False,0,False,True,False,False,True,4.212741699796951,0.65,0.49244289008980524,True,4.212741699796951
v3_sc0_staging_19,L3,0,8,geometry,False,0,False,False,False,False,False,nan,nan,nan,False,4.212741699796951
v3_sc0_staging_19,L3,0,8,label_only,False,0,False,False,False,False,False,nan,nan,nan,False,4.212741699796951
v3_sc0_staging_19,L3,0,8,pose_only,False,0,False,True,False,False,True,4.242031021678298,0.8500000000000001,0.30000000000000004,True,4.212741699796951
v3_sc0_staging_19,L3,0,8,separate,False,0,False,False,False,False,False,nan,nan,nan,False,4.212741699796951
v3_sc0_staging_19,L3,0,8,joint,False,0,False,False,False,False,False,nan,nan,nan,False,4.212741699796951
v3_sc0_staging_19,L3,0,8,oracle,False,0,False,True,False,False,True,4.212741699796951,0.6000000000000001,0.55,True,4.212741699796951
v3_sc0_staging_19,L3,0,9,uncalibrated,False,0,True,False,False,False,False,nan,nan,nan,False,4.839949493661167
v3_sc0_staging_19,L3,0,9,label_cell,False,0,False,False,False,False,False,nan,nan,nan,False,4.839949493661167
v3_sc0_staging_19,L3,0,9,geometry,False,0,False,False,False,False,False,nan,nan,nan,False,4.839949493661167
v3_sc0_staging_19,L3,0,9,label_only,False,0,False,False,False,False,False,nan,nan,nan,False,4.839949493661167
v3_sc0_staging_19,L3,0,9,pose_only,False,0,False,False,False,False,False,nan,nan,nan,False,4.839949493661167
v3_sc0_staging_19,L3,0,9,separate,False,0,False,False,False,False,False,nan,nan,nan,False,4.839949493661167
v3_sc0_staging_19,L3,0,9,joint,False,0,False,False,False,False,False,nan,nan,nan,False,4.839949493661167
v3_sc0_staging_19,L3,0,9,oracle,False,0,False,True,False,False,True,4.839949493661167,0.5024937810560445,0.30000000000000004,True,4.839949493661167
v3_sc0_staging_19,L3,0,10,uncalibrated,False,0,True,True,False,False,True,5.5591883092036785,0.6000000000000001,0.5,True,5.517766952966369
v3_sc0_staging_19,L3,0,10,label_cell,False,0,False,False,False,False,False,nan,nan,nan,False,5.517766952966369
v3_sc0_staging_19,L3,0,10,geometry,False,0,False,False,False,False,False,nan,nan,nan,False,5.517766952966369
v3_sc0_staging_19,L3,0,10,label_only,False,0,False,False,False,False,False,nan,nan,nan,False,5.517766952966369
v3_sc0_staging_19,L3,0,10,pose_only,False,0,False,True,False,False,True,5.671320343559643,0.75,0.35000000000000003,True,5.517766952966369
v3_sc0_staging_19,L3,0,10,separate,False,0,False,False,False,False,False,nan,nan,nan,False,5.517766952966369
v3_sc0_staging_19,L3,0,10,joint,False,0,False,False,False,False,False,nan,nan,nan,False,5.517766952966369
v3_sc0_staging_19,L3,0,10,oracle,False,0,False,True,False,False,True,5.517766952966369,0.5024937810560445,0.36055512754639896,True,5.517766952966369
v3_sc0_staging_19,L3,0,11,uncalibrated,False,0,True,True,False,False,True,4.504163056034262,0.7280109889280518,0.4,True,4.504163056034262
v3_sc0_staging_19,L3,0,11,label_cell,False,0,False,True,False,False,True,4.533452377915607,0.65,0.49244289008980524,True,4.504163056034262
v3_sc0_staging_19,L3,0,11,geometry,False,0,False,False,False,False,False,nan,nan,nan,False,4.504163056034262
v3_sc0_staging_19,L3,0,11,label_only,False,0,False,False,False,False,False,nan,nan,nan,False,4.504163056034262
v3_sc0_staging_19,L3,0,11,pose_only,False,0,False,True,False,False,True,4.562741699796952,0.9486832980505139,0.2,True,4.504163056034262
v3_sc0_staging_19,L3,0,11,separate,False,0,False,False,False,False,False,nan,nan,nan,False,4.504163056034262
v3_sc0_staging_19,L3,0,11,joint,False,0,False,False,False,False,False,nan,nan,nan,False,4.504163056034262
v3_sc0_staging_19,L3,0,11,oracle,False,0,False,True,False,False,True,4.504163056034262,0.7280109889280518,0.4,True,4.504163056034262
v3_sc0_staging_19,L3,0,12,uncalibrated,False,0,True,False,False,False,False,nan,nan,nan,False,9.146803743153548
v3_sc0_staging_19,L3,0,12,label_cell,False,0,False,False,False,False,False,nan,nan,nan,False,9.146803743153548
v3_sc0_staging_19,L3,0,12,geometry,False,0,False,False,False,False,False,nan,nan,nan,False,9.146803743153548
v3_sc0_staging_19,L3,0,12,label_only,False,0,False,False,False,False,False,nan,nan,nan,False,9.146803743153548
v3_sc0_staging_19,L3,0,12,pose_only,False,0,False,False,False,False,False,nan,nan,nan,False,9.146803743153548
v3_sc0_staging_19,L3,0,12,separate,False,0,False,False,False,False,False,nan,nan,nan,False,9.146803743153548
v3_sc0_staging_19,L3,0,12,joint,False,0,False,False,False,False,False,nan,nan,nan,False,9.146803743153548
v3_sc0_staging_19,L3,0,12,oracle,False,0,False,True,False,False,True,9.146803743153548,0.5147815070493501,0.20615528128088303,True,9.146803743153548
v3_sc0_staging_19,L3,0,13,uncalibrated,False,0,True,False,False,False,False,nan,nan,nan,False,4.832842712474619
v3_sc0_staging_19,L3,0,13,label_cell,False,0,False,False,False,False,False,nan,nan,nan,False,4.832842712474619
v3_sc0_staging_19,L3,0,13,geometry,False,0,False,False,False,False,False,nan,nan,nan,False,4.832842712474619
v3_sc0_staging_19,L3,0,13,label_only,False,0,False,False,False,False,False,nan,nan,nan,False,4.832842712474619
v3_sc0_staging_19,L3,0,13,pose_only,False,0,False,False,False,False,False,nan,nan,nan,False,4.832842712474619
v3_sc0_staging_19,L3,0,13,separate,False,0,False,False,False,False,False,nan,nan,nan,False,4.832842712474619
v3_sc0_staging_19,L3,0,13,joint,False,0,False,False,False,False,False,nan,nan,nan,False,4.832842712474619
v3_sc0_staging_19,L3,0,13,oracle,False,0,False,True,False,False,True,4.832842712474619,0.6000000000000001,0.42720018726587655,True,4.832842712474619
v3_sc0_staging_19,L3,0,14,uncalibrated,False,0,True,False,False,False,False,nan,nan,nan,False,5.33492424049175
v3_sc0_staging_19,L3,0,14,label_cell,False,0,False,False,False,False,False,nan,nan,nan,False,5.33492424049175
v3_sc0_staging_19,L3,0,14,geometry,False,0,False,False,False,False,False,nan,nan,nan,False,5.33492424049175
v3_sc0_staging_19,L3,0,14,label_only,False,0,False,False,False,False,False,nan,nan,nan,False,5.33492424049175
v3_sc0_staging_19,L3,0,14,pose_only,False,0,False,False,False,False,False,nan,nan,nan,False,5.33492424049175
v3_sc0_staging_19,L3,0,14,separate,False,0,False,False,False,False,False,nan,nan,nan,False,5.33492424049175
v3_sc0_staging_19,L3,0,14,joint,False,0,False,False,False,False,False,nan,nan,nan,False,5.33492424049175
v3_sc0_staging_19,L3,0,14,oracle,False,0,False,True,False,False,True,5.33492424049175,0.5024937810560445,0.21213203435596426,True,5.33492424049175
v3_sc0_staging_19,L3,0,15,uncalibrated,False,0,True,True,False,False,True,3.438477631085023,0.651920240520265,0.28284271247461906,True,3.438477631085023
v3_sc0_staging_19,L3,0,15,label_cell,False,0,False,True,False,False,True,3.4384776310850236,0.65,0.49244289008980524,True,3.438477631085023
v3_sc0_staging_19,L3,0,15,geometry,False,0,False,False,False,False,False,nan,nan,nan,False,3.438477631085023
v3_sc0_staging_19,L3,0,15,label_only,False,0,False,False,False,False,False,nan,nan,nan,False,3.438477631085023
v3_sc0_staging_19,L3,0,15,pose_only,False,0,False,True,False,False,True,3.4384776310850236,0.912414379544733,0.18027756377319948,True,3.438477631085023
v3_sc0_staging_19,L3,0,15,separate,False,0,False,False,False,False,False,nan,nan,nan,False,3.438477631085023
v3_sc0_staging_19,L3,0,15,joint,False,0,False,False,False,False,False,nan,nan,nan,False,3.438477631085023
v3_sc0_staging_19,L3,0,15,oracle,False,0,False,True,False,False,True,3.438477631085023,0.651920240520265,0.28284271247461906,True,3.438477631085023
v3_sc0_staging_19,L3,0,16,uncalibrated,False,0,True,True,False,False,True,4.769238815542512,0.65,0.45,True,4.769238815542512
v3_sc0_staging_19,L3,0,16,label_cell,False,0,False,True,False,False,True,4.769238815542512,0.65,0.49244289008980524,True,4.769238815542512
v3_sc0_staging_19,L3,0,16,geometry,False,0,False,False,False,False,False,nan,nan,nan,False,4.769238815542512
v3_sc0_staging_19,L3,0,16,label_only,False,0,False,False,False,False,False,nan,nan,nan,False,4.769238815542512
v3_sc0_staging_19,L3,0,16,pose_only,False,0,False,True,False,False,True,4.769238815542512,0.9,0.2,True,4.769238815542512
v3_sc0_staging_19,L3,0,16,separate,False,0,False,False,False,False,False,nan,nan,nan,False,4.769238815542512
v3_sc0_staging_19,L3,0,16,joint,False,0,False,False,False,False,False,nan,nan,nan,False,4.769238815542512
v3_sc0_staging_19,L3,0,16,oracle,False,0,False,True,False,False,True,4.769238815542512,0.65,0.45,True,4.769238815542512
v3_sc0_staging_19,L3,0,17,uncalibrated,False,0,True,False,False,False,False,nan,nan,nan,False,4.889949493661167
v3_sc0_staging_19,L3,0,17,label_cell,False,0,False,False,False,False,False,nan,nan,nan,False,4.889949493661167
v3_sc0_staging_19,L3,0,17,geometry,False,0,False,False,False,False,False,nan,nan,nan,False,4.889949493661167
v3_sc0_staging_19,L3,0,17,label_only,False,0,False,False,False,False,False,nan,nan,nan,False,4.889949493661167
v3_sc0_staging_19,L3,0,17,pose_only,False,0,False,False,False,False,False,nan,nan,nan,False,4.889949493661167
v3_sc0_staging_19,L3,0,17,separate,False,0,False,False,False,False,False,nan,nan,nan,False,4.889949493661167
v3_sc0_staging_19,L3,0,17,joint,False,0,False,False,False,False,False,nan,nan,nan,False,4.889949493661167
v3_sc0_staging_19,L3,0,17,oracle,False,0,False,True,False,False,True,4.889949493661167,0.5024937810560445,0.20615528128088303,True,4.889949493661167
v3_sc0_staging_19,L3,0,18,uncalibrated,False,0,True,True,False,False,True,5.047056274847714,0.6000000000000001,0.5,True,5.047056274847715
v3_sc0_staging_19,L3,0,18,label_cell,False,0,False,True,False,False,True,5.047056274847714,0.6000000000000001,0.5,True,5.047056274847715
v3_sc0_staging_19,L3,0,18,geometry,False,0,False,False,False,False,False,nan,nan,nan,False,5.047056274847715
v3_sc0_staging_19,L3,0,18,label_only,False,0,False,False,False,False,False,nan,nan,nan,False,5.047056274847715
v3_sc0_staging_19,L3,0,18,pose_only,False,0,False,False,False,False,False,nan,nan,nan,False,5.047056274847715
v3_sc0_staging_19,L3,0,18,separate,False,0,False,False,False,False,False,nan,nan,nan,False,5.047056274847715
v3_sc0_staging_19,L3,0,18,joint,False,0,False,False,False,False,False,nan,nan,nan,False,5.047056274847715
v3_sc0_staging_19,L3,0,18,oracle,False,0,False,True,False,False,True,5.047056274847715,0.5024937810560445,0.3640054944640259,True,5.047056274847715
v3_sc0_staging_19,L3,0,19,uncalibrated,False,0,True,True,False,False,True,4.274873734152916,0.8,0.32015621187164245,True,4.157716446627536
v3_sc0_staging_19,L3,0,19,label_cell,False,0,False,False,False,False,False,nan,nan,nan,False,4.157716446627536
v3_sc0_staging_19,L3,0,19,geometry,False,0,False,False,False,False,False,nan,nan,nan,False,4.157716446627536
v3_sc0_staging_19,L3,0,19,label_only,False,0,False,False,False,False,False,nan,nan,nan,False,4.157716446627536
v3_sc0_staging_19,L3,0,19,pose_only,False,0,False,True,False,False,True,4.454163056034262,0.8,0.32015621187164245,True,4.157716446627536
v3_sc0_staging_19,L3,0,19,separate,False,0,False,False,False,False,False,nan,nan,nan,False,4.157716446627536
v3_sc0_staging_19,L3,0,19,joint,False,0,False,False,False,False,False,nan,nan,nan,False,4.157716446627536
v3_sc0_staging_19,L3,0,19,oracle,False,0,False,True,False,False,True,4.157716446627536,0.55,0.4242640687119285,True,4.157716446627536
v3_sc0_staging_19,L3,1,0,uncalibrated,False,0,True,True,False,False,True,4.760660171779822,0.7000000000000001,0.35000000000000003,True,4.760660171779822
v3_sc0_staging_19,L3,1,0,label_cell,False,0,False,False,False,False,False,nan,nan,nan,False,4.760660171779822
v3_sc0_staging_19,L3,1,0,geometry,False,0,False,False,False,False,False,nan,nan,nan,False,4.760660171779822
v3_sc0_staging_19,L3,1,0,label_only,False,0,False,False,False,False,False,nan,nan,nan,False,4.760660171779822
v3_sc0_staging_19,L3,1,0,pose_only,False,0,False,True,False,False,True,4.760660171779822,0.7000000000000001,0.35000000000000003,True,4.760660171779822
v3_sc0_staging_19,L3,1,0,separate,False,0,False,False,False,False,False,nan,nan,nan,False,4.760660171779822
v3_sc0_staging_19,L3,1,0,joint,False,0,False,False,False,False,False,nan,nan,nan,False,4.760660171779822
v3_sc0_staging_19,L3,1,0,oracle,False,0,False,True,False,False,True,4.760660171779822,0.7000000000000001,0.35000000000000003,True,4.760660171779822
v3_sc0_staging_19,L3,1,1,uncalibrated,False,0,True,False,False,False,False,nan,nan,nan,False,5.824873734152916
v3_sc0_staging_19,L3,1,1,label_cell,False,0,False,False,False,False,False,nan,nan,nan,False,5.824873734152916
v3_sc0_staging_19,L3,1,1,geometry,False,0,False,False,False,False,False,nan,nan,nan,False,5.824873734152916
v3_sc0_staging_19,L3,1,1,label_only,False,0,False,False,False,False,False,nan,nan,nan,False,5.824873734152916
v3_sc0_staging_19,L3,1,1,pose_only,False,0,False,False,False,False,False,nan,nan,nan,False,5.824873734152916
v3_sc0_staging_19,L3,1,1,separate,False,0,False,False,False,False,False,nan,nan,nan,False,5.824873734152916
v3_sc0_staging_19,L3,1,1,joint,False,0,False,False,False,False,False,nan,nan,nan,False,5.824873734152916
v3_sc0_staging_19,L3,1,1,oracle,False,0,False,True,False,False,True,5.824873734152916,0.5024937810560445,0.20615528128088303,True,5.824873734152916
v3_sc0_staging_19,L3,1,2,uncalibrated,False,0,True,True,False,False,True,5.450609665440989,0.75,0.30000000000000004,True,5.4506096654409895
v3_sc0_staging_19,L3,1,2,label_cell,False,0,False,False,False,False,False,nan,nan,nan,False,5.4506096654409895
v3_sc0_staging_19,L3,1,2,geometry,False,0,False,False,False,False,False,nan,nan,nan,False,5.4506096654409895
v3_sc0_staging_19,L3,1,2,label_only,False,0,False,False,False,False,False,nan,nan,nan,False,5.4506096654409895
v3_sc0_staging_19,L3,1,2,pose_only,False,0,False,True,False,False,True,5.450609665440989,0.75,0.30000000000000004,True,5.4506096654409895
v3_sc0_staging_19,L3,1,2,separate,False,0,False,False,False,False,False,nan,nan,nan,False,5.4506096654409895
v3_sc0_staging_19,L3,1,2,joint,False,0,False,False,False,False,False,nan,nan,nan,False,5.4506096654409895
v3_sc0_staging_19,L3,1,2,oracle,False,0,False,True,False,False,True,5.4506096654409895,0.912414379544733,0.20615528128088303,True,5.4506096654409895
v3_sc0_staging_19,L3,1,3,uncalibrated,False,0,True,True,False,False,True,4.820710678118655,0.6000000000000001,0.45,True,4.820710678118655
v3_sc0_staging_19,L3,1,3,label_cell,False,0,False,False,False,False,False,nan,nan,nan,False,4.820710678118655
v3_sc0_staging_19,L3,1,3,geometry,False,0,False,False,False,False,False,nan,nan,nan,False,4.820710678118655
v3_sc0_staging_19,L3,1,3,label_only,False,0,False,False,False,False,False,nan,nan,nan,False,4.820710678118655
v3_sc0_staging_19,L3,1,3,pose_only,False,0,False,True,False,False,True,5.112132034355964,0.7000000000000001,0.4,True,4.820710678118655
v3_sc0_staging_19,L3,1,3,separate,False,0,False,False,False,False,False,nan,nan,nan,False,4.820710678118655
v3_sc0_staging_19,L3,1,3,joint,False,0,False,False,False,False,False,nan,nan,nan,False,4.820710678118655
v3_sc0_staging_19,L3,1,3,oracle,False,0,False,True,False,False,True,4.820710678118655,0.6000000000000001,0.45,True,4.820710678118655
v3_sc0_staging_19,L3,1,4,uncalibrated,False,0,True,True,False,False,True,5.862741699796953,0.55,0.5,True,5.862741699796953
v3_sc0_staging_19,L3,1,4,label_cell,False,0,False,False,False,False,False,nan,nan,nan,False,5.862741699796953
v3_sc0_staging_19,L3,1,4,geometry,False,0,False,False,False,False,False,nan,nan,nan,False,5.862741699796953
v3_sc0_staging_19,L3,1,4,label_only,False,0,False,False,False,False,False,nan,nan,nan,False,5.862741699796953
v3_sc0_staging_19,L3,1,4,pose_only,False,0,False,True,False,False,True,5.883452377915607,0.7000000000000001,0.4,True,5.862741699796953
v3_sc0_staging_19,L3,1,4,separate,False,0,False,False,False,False,False,nan,nan,nan,False,5.862741699796953
v3_sc0_staging_19,L3,1,4,joint,False,0,False,False,False,False,False,nan,nan,nan,False,5.862741699796953
v3_sc0_staging_19,L3,1,4,oracle,False,0,False,True,False,False,True,5.862741699796953,0.5024937810560445,0.3905124837953327,True,5.862741699796953
v3_sc0_staging_19,L3,1,5,uncalibrated,False,0,True,True,False,False,True,5.579898987322333,0.8500000000000001,0.2692582403567252,True,5.579898987322333
v3_sc0_staging_19,L3,1,5,label_cell,False,0,False,False,False,False,False,nan,nan,nan,False,5.579898987322333
v3_sc0_staging_19,L3,1,5,geometry,False,0,False,False,False,False,False,nan,nan,nan,False,5.579898987322333
v3_sc0_staging_19,L3,1,5,label_only,False,0,False,False,False,False,False,nan,nan,nan,False,5.579898987322333
v3_sc0_staging_19,L3,1,5,pose_only,False,0,False,True,False,False,True,5.579898987322333,0.8500000000000001,0.2692582403567252,True,5.579898987322333
v3_sc0_staging_19,L3,1,5,separate,False,0,False,False,False,False,False,nan,nan,nan,False,5.579898987322333
v3_sc0_staging_19,L3,1,5,joint,False,0,False,False,False,False,False,nan,nan,nan,False,5.579898987322333
v3_sc0_staging_19,L3,1,5,oracle,False,0,False,True,False,False,True,5.579898987322333,0.8500000000000001,0.20615528128088303,True,5.579898987322333
v3_sc0_staging_19,L3,1,6,uncalibrated,False,0,True,False,False,False,False,nan,nan,nan,False,5.231370849898476
v3_sc0_staging_19,L3,1,6,label_cell,False,0,False,False,False,False,False,nan,nan,nan,False,5.231370849898476
v3_sc0_staging_19,L3,1,6,geometry,False,0,False,False,False,False,False,nan,nan,nan,False,5.231370849898476
v3_sc0_staging_19,L3,1,6,label_only,False,0,False,False,False,False,False,nan,nan,nan,False,5.231370849898476
v3_sc0_staging_19,L3,1,6,pose_only,False,0,False,False,False,False,False,nan,nan,nan,False,5.231370849898476
v3_sc0_staging_19,L3,1,6,separate,False,0,False,False,False,False,False,nan,nan,nan,False,5.231370849898476
v3_sc0_staging_19,L3,1,6,joint,False,0,False,False,False,False,False,nan,nan,nan,False,5.231370849898476
v3_sc0_staging_19,L3,1,6,oracle,False,0,False,True,False,False,True,5.231370849898476,0.5024937810560445,0.2692582403567252,True,5.231370849898476
v3_sc0_staging_19,L3,1,7,uncalibrated,False,0,True,False,False,False,False,nan,nan,nan,False,8.786143571373726
v3_sc0_staging_19,L3,1,7,label_cell,False,0,False,False,False,False,False,nan,nan,nan,False,8.786143571373726
v3_sc0_staging_19,L3,1,7,geometry,False,0,False,False,False,False,False,nan,nan,nan,False,8.786143571373726
v3_sc0_staging_19,L3,1,7,label_only,False,0,False,False,False,False,False,nan,nan,nan,False,8.786143571373726
v3_sc0_staging_19,L3,1,7,pose_only,False,0,False,False,False,False,False,nan,nan,nan,False,8.786143571373726
v3_sc0_staging_19,L3,1,7,separate,False,0,False,False,False,False,False,nan,nan,nan,False,8.786143571373726
v3_sc0_staging_19,L3,1,7,joint,False,0,False,False,False,False,False,nan,nan,nan,False,8.786143571373726
v3_sc0_staging_19,L3,1,7,oracle,False,0,False,True,False,False,True,8.786143571373726,0.6020797289396148,0.20615528128088303,True,8.786143571373726
v3_sc0_staging_19,L3,1,8,uncalibrated,False,0,True,True,False,False,True,4.204163056034261,0.65,0.5,True,4.204163056034261
v3_sc0_staging_19,L3,1,8,label_cell,False,0,False,False,False,False,False,nan,nan,nan,False,4.204163056034261
v3_sc0_staging_19,L3,1,8,geometry,False,0,False,False,False,False,False,nan,nan,nan,False,4.204163056034261
v3_sc0_staging_19,L3,1,8,label_only,False,0,False,False,False,False,False,nan,nan,nan,False,4.204163056034261
v3_sc0_staging_19,L3,1,8,pose_only,False,0,False,True,False,False,True,4.233452377915607,0.8558621384311845,0.2692582403567252,True,4.204163056034261
v3_sc0_staging_19,L3,1,8,separate,False,0,False,False,False,False,False,nan,nan,nan,False,4.204163056034261
v3_sc0_staging_19,L3,1,8,joint,False,0,False,False,False,False,False,nan,nan,nan,False,4.204163056034261
v3_sc0_staging_19,L3,1,8,oracle,False,0,False,True,False,False,True,4.204163056034261,0.65,0.5,True,4.204163056034261
v3_sc0_staging_19,L3,1,9,uncalibrated,False,0,True,False,False,False,False,nan,nan,nan,False,4.860660171779822
v3_sc0_staging_19,L3,1,9,label_cell,False,0,False,False,False,False,False,nan,nan,nan,False,4.860660171779822
v3_sc0_staging_19,L3,1,9,geometry,False,0,False,False,False,False,False,nan,nan,nan,False,4.860660171779822
v3_sc0_staging_19,L3,1,9,label_only,False,0,False,False,False,False,False,nan,nan,nan,False,4.860660171779822
v3_sc0_staging_19,L3,1,9,pose_only,False,0,False,False,False,False,False,nan,nan,nan,False,4.860660171779822
v3_sc0_staging_19,L3,1,9,separate,False,0,False,False,False,False,False,nan,nan,nan,False,4.860660171779822
v3_sc0_staging_19,L3,1,9,joint,False,0,False,False,False,False,False,nan,nan,nan,False,4.860660171779822
v3_sc0_staging_19,L3,1,9,oracle,False,0,False,True,False,False,True,4.860660171779822,0.55,0.35000000000000003,True,4.860660171779822
v3_sc0_staging_19,L3,1,10,uncalibrated,False,0,True,True,False,False,True,5.529898987322333,0.55,0.5147815070493501,True,5.529898987322333
v3_sc0_staging_19,L3,1,10,label_cell,False,0,False,False,False,False,False,nan,nan,nan,False,5.529898987322333
v3_sc0_staging_19,L3,1,10,geometry,False,0,False,False,False,False,False,nan,nan,nan,False,5.529898987322333
v3_sc0_staging_19,L3,1,10,label_only,False,0,False,False,False,False,False,nan,nan,nan,False,5.529898987322333
v3_sc0_staging_19,L3,1,10,pose_only,False,0,False,False,False,False,False,nan,nan,nan,False,5.529898987322333
v3_sc0_staging_19,L3,1,10,separate,False,0,False,False,False,False,False,nan,nan,nan,False,5.529898987322333
v3_sc0_staging_19,L3,1,10,joint,False,0,False,False,False,False,False,nan,nan,nan,False,5.529898987322333
v3_sc0_staging_19,L3,1,10,oracle,False,0,False,True,False,False,True,5.529898987322333,0.5024937810560445,0.32015621187164245,True,5.529898987322333
v3_sc0_staging_19,L3,1,11,uncalibrated,False,0,True,True,False,False,True,4.524873734152917,0.7762087348130012,0.35000000000000003,True,4.495584412271572
v3_sc0_staging_19,L3,1,11,label_cell,False,0,False,False,False,False,False,nan,nan,nan,False,4.495584412271572
v3_sc0_staging_19,L3,1,11,geometry,False,0,False,False,False,False,False,nan,nan,nan,False,4.495584412271572
v3_sc0_staging_19,L3,1,11,label_only,False,0,False,False,False,False,False,nan,nan,nan,False,4.495584412271572
v3_sc0_staging_19,L3,1,11,pose_only,False,0,False,True,False,False,True,4.6041630560342615,0.7762087348130012,0.35000000000000003,True,4.495584412271572
v3_sc0_staging_19,L3,1,11,separate,False,0,False,False,False,False,False,nan,nan,nan,False,4.495584412271572
v3_sc0_staging_19,L3,1,11,joint,False,0,False,False,False,False,False,nan,nan,nan,False,4.495584412271572
v3_sc0_staging_19,L3,1,11,oracle,False,0,False,True,False,False,True,4.495584412271572,0.5099019513592785,0.5,True,4.495584412271572
v3_sc0_staging_19,L3,1,12,uncalibrated,False,0,True,False,False,False,False,nan,nan,nan,False,9.146803743153548
v3_sc0_staging_19,L3,1,12,label_cell,False,0,False,False,False,False,False,nan,nan,nan,False,9.146803743153548
v3_sc0_staging_19,L3,1,12,geometry,False,0,False,False,False,False,False,nan,nan,nan,False,9.146803743153548
v3_sc0_staging_19,L3,1,12,label_only,False,0,False,False,False,False,False,nan,nan,nan,False,9.146803743153548
v3_sc0_staging_19,L3,1,12,pose_only,False,0,False,False,False,False,False,nan,nan,nan,False,9.146803743153548
v3_sc0_staging_19,L3,1,12,separate,False,0,False,False,False,False,False,nan,nan,nan,False,9.146803743153548
v3_sc0_staging_19,L3,1,12,joint,False,0,False,False,False,False,False,nan,nan,nan,False,9.146803743153548
v3_sc0_staging_19,L3,1,12,oracle,False,0,False,True,False,False,True,9.146803743153548,0.6363961030678928,0.20615528128088303,True,9.146803743153548
v3_sc0_staging_19,L3,1,13,uncalibrated,False,0,True,True,False,False,True,4.841421356237309,0.55,0.5385164807134504,True,4.812132034355964
v3_sc0_staging_19,L3,1,13,label_cell,False,0,False,False,False,False,False,nan,nan,nan,False,4.812132034355964
v3_sc0_staging_19,L3,1,13,geometry,False,0,False,False,False,False,False,nan,nan,nan,False,4.812132034355964
v3_sc0_staging_19,L3,1,13,label_only,False,0,False,False,False,False,False,nan,nan,nan,False,4.812132034355964
v3_sc0_staging_19,L3,1,13,pose_only,False,0,False,False,False,False,False,nan,nan,nan,False,4.812132034355964
v3_sc0_staging_19,L3,1,13,separate,False,0,False,False,False,False,False,nan,nan,nan,False,4.812132034355964
v3_sc0_staging_19,L3,1,13,joint,False,0,False,False,False,False,False,nan,nan,nan,False,4.812132034355964
v3_sc0_staging_19,L3,1,13,oracle,False,0,False,True,False,False,True,4.812132034355964,0.5024937810560445,0.47434164902525694,True,4.812132034355964
v3_sc0_staging_19,L3,1,14,uncalibrated,False,0,True,False,False,False,False,nan,nan,nan,False,5.355634918610405
v3_sc0_staging_19,L3,1,14,label_cell,False,0,False,False,False,False,False,nan,nan,nan,False,5.355634918610405
v3_sc0_staging_19,L3,1,14,geometry,False,0,False,False,False,False,False,nan,nan,nan,False,5.355634918610405
v3_sc0_staging_19,L3,1,14,label_only,False,0,False,False,False,False,False,nan,nan,nan,False,5.355634918610405
v3_sc0_staging_19,L3,1,14,pose_only,False,0,False,False,False,False,False,nan,nan,nan,False,5.355634918610405
v3_sc0_staging_19,L3,1,14,separate,False,0,False,False,False,False,False,nan,nan,nan,False,5.355634918610405
v3_sc0_staging_19,L3,1,14,joint,False,0,False,False,False,False,False,nan,nan,nan,False,5.355634918610405
v3_sc0_staging_19,L3,1,14,oracle,False,0,False,True,False,False,True,5.355634918610405,0.5024937810560445,0.25,True,5.355634918610405
v3_sc0_staging_19,L3,1,15,uncalibrated,False,0,True,True,False,False,True,3.4798989873223323,0.70178344238091,0.2692582403567252,True,3.4798989873223327
v3_sc0_staging_19,L3,1,15,label_cell,False,0,False,False,False,False,False,nan,nan,nan,False,3.4798989873223327
v3_sc0_staging_19,L3,1,15,geometry,False,0,False,False,False,False,False,nan,nan,nan,False,3.4798989873223327
v3_sc0_staging_19,L3,1,15,label_only,False,0,False,False,False,False,False,nan,nan,nan,False,3.4798989873223327
v3_sc0_staging_19,L3,1,15,pose_only,False,0,False,True,False,False,True,3.4798989873223336,0.8558621384311845,0.2692582403567252,True,3.4798989873223327
v3_sc0_staging_19,L3,1,15,separate,False,0,False,False,False,False,False,nan,nan,nan,False,3.4798989873223327
v3_sc0_staging_19,L3,1,15,joint,False,0,False,False,False,False,False,nan,nan,nan,False,3.4798989873223327
v3_sc0_staging_19,L3,1,15,oracle,False,0,False,True,False,False,True,3.4798989873223327,0.70178344238091,0.25,True,3.4798989873223327
v3_sc0_staging_19,L3,1,16,uncalibrated,False,0,True,True,False,False,True,4.810660171779822,0.6576473218982953,0.4,True,4.810660171779822
v3_sc0_staging_19,L3,1,16,label_cell,False,0,False,False,False,False,False,nan,nan,nan,False,4.810660171779822
v3_sc0_staging_19,L3,1,16,geometry,False,0,False,False,False,False,False,nan,nan,nan,False,4.810660171779822
v3_sc0_staging_19,L3,1,16,label_only,False,0,False,False,False,False,False,nan,nan,nan,False,4.810660171779822
v3_sc0_staging_19,L3,1,16,pose_only,False,0,False,True,False,False,True,4.810660171779822,0.7648529270389178,0.30000000000000004,True,4.810660171779822
v3_sc0_staging_19,L3,1,16,separate,False,0,False,False,False,False,False,nan,nan,nan,False,4.810660171779822
v3_sc0_staging_19,L3,1,16,joint,False,0,False,False,False,False,False,nan,nan,nan,False,4.810660171779822
v3_sc0_staging_19,L3,1,16,oracle,False,0,False,True,False,False,True,4.810660171779822,0.6576473218982953,0.4,True,4.810660171779822
v3_sc0_staging_19,L3,1,17,uncalibrated,False,0,True,False,False,False,False,nan,nan,nan,False,4.90208152801713
v3_sc0_staging_19,L3,1,17,label_cell,False,0,False,False,False,False,False,nan,nan,nan,False,4.90208152801713
v3_sc0_staging_19,L3,1,17,geometry,False,0,False,False,False,False,False,nan,nan,nan,False,4.90208152801713
v3_sc0_staging_19,L3,1,17,label_only,False,0,False,False,False,False,False,nan,nan,nan,False,4.90208152801713
v3_sc0_staging_19,L3,1,17,pose_only,False,0,False,False,False,False,False,nan,nan,nan,False,4.90208152801713
v3_sc0_staging_19,L3,1,17,separate,False,0,False,False,False,False,False,nan,nan,nan,False,4.90208152801713
v3_sc0_staging_19,L3,1,17,joint,False,0,False,False,False,False,False,nan,nan,nan,False,4.90208152801713
v3_sc0_staging_19,L3,1,17,oracle,False,0,False,True,False,False,True,4.90208152801713,0.55,0.20615528128088303,True,4.90208152801713
v3_sc0_staging_19,L3,1,18,uncalibrated,False,0,True,True,False,False,True,5.059188309203679,0.55,0.5385164807134504,True,5.0591883092036785
v3_sc0_staging_19,L3,1,18,label_cell,False,0,False,False,False,False,False,nan,nan,nan,False,5.0591883092036785
v3_sc0_staging_19,L3,1,18,geometry,False,0,False,False,False,False,False,nan,nan,nan,False,5.0591883092036785
v3_sc0_staging_19,L3,1,18,label_only,False,0,False,False,False,False,False,nan,nan,nan,False,5.0591883092036785
v3_sc0_staging_19,L3,1,18,pose_only,False,0,False,False,False,False,False,nan,nan,nan,False,5.0591883092036785
v3_sc0_staging_19,L3,1,18,separate,False,0,False,False,False,False,False,nan,nan,nan,False,5.0591883092036785
v3_sc0_staging_19,L3,1,18,joint,False,0,False,False,False,False,False,nan,nan,nan,False,5.0591883092036785
v3_sc0_staging_19,L3,1,18,oracle,False,0,False,True,False,False,True,5.0591883092036785,0.5024937810560445,0.316227766016838,True,5.0591883092036785
v3_sc0_staging_19,L3,1,19,uncalibrated,False,0,True,True,False,False,True,4.316295090390226,0.8500000000000001,0.28284271247461906,True,4.149137802864845
v3_sc0_staging_19,L3,1,19,label_cell,False,0,False,False,False,False,False,nan,nan,nan,False,4.149137802864845
v3_sc0_staging_19,L3,1,19,geometry,False,0,False,False,False,False,False,nan,nan,nan,False,4.149137802864845
v3_sc0_staging_19,L3,1,19,label_only,False,0,False,False,False,False,False,nan,nan,nan,False,4.149137802864845
v3_sc0_staging_19,L3,1,19,pose_only,False,0,False,True,False,False,True,4.495584412271572,0.8500000000000001,0.28284271247461906,True,4.149137802864845
v3_sc0_staging_19,L3,1,19,separate,False,0,False,False,False,False,False,nan,nan,nan,False,4.149137802864845
v3_sc0_staging_19,L3,1,19,joint,False,0,False,False,False,False,False,nan,nan,nan,False,4.149137802864845
v3_sc0_staging_19,L3,1,19,oracle,False,0,False,True,False,False,True,4.149137802864845,0.6000000000000001,0.3905124837953327,True,4.149137802864845
v3_sc0_staging_19,L3,2,0,uncalibrated,False,0,True,True,False,False,True,4.793502884254441,0.8,0.25,True,4.793502884254441
v3_sc0_staging_19,L3,2,0,label_cell,False,0,False,True,False,False,True,4.7935028842544405,0.632455532033676,0.47434164902525694,True,4.793502884254441
v3_sc0_staging_19,L3,2,0,geometry,False,0,False,False,False,False,False,nan,nan,nan,False,4.793502884254441
v3_sc0_staging_19,L3,2,0,label_only,False,0,False,False,False,False,False,nan,nan,nan,False,4.793502884254441
v3_sc0_staging_19,L3,2,0,pose_only,False,0,False,True,False,False,True,4.793502884254441,0.8,0.25,True,4.793502884254441
v3_sc0_staging_19,L3,2,0,separate,False,0,False,False,False,False,False,nan,nan,nan,False,4.793502884254441
v3_sc0_staging_19,L3,2,0,joint,False,0,False,False,False,False,False,nan,nan,nan,False,4.793502884254441
v3_sc0_staging_19,L3,2,0,oracle,False,0,False,True,False,False,True,4.793502884254441,0.8,0.25,True,4.793502884254441
v3_sc0_staging_19,L3,2,1,uncalibrated,False,0,True,False,False,False,False,nan,nan,nan,False,5.837005768508881
v3_sc0_staging_19,L3,2,1,label_cell,False,0,False,False,False,False,False,nan,nan,nan,False,5.837005768508881
v3_sc0_staging_19,L3,2,1,geometry,False,0,False,False,False,False,False,nan,nan,nan,False,5.837005768508881
v3_sc0_staging_19,L3,2,1,label_only,False,0,False,False,False,False,False,nan,nan,nan,False,5.837005768508881
v3_sc0_staging_19,L3,2,1,pose_only,False,0,False,False,False,False,False,nan,nan,nan,False,5.837005768508881
v3_sc0_staging_19,L3,2,1,separate,False,0,False,False,False,False,False,nan,nan,nan,False,5.837005768508881
v3_sc0_staging_19,L3,2,1,joint,False,0,False,False,False,False,False,nan,nan,nan,False,5.837005768508881
v3_sc0_staging_19,L3,2,1,oracle,False,0,False,True,False,False,True,5.837005768508881,0.5024937810560445,0.20615528128088303,True,5.837005768508881
v3_sc0_staging_19,L3,2,2,uncalibrated,False,0,True,True,False,False,True,5.392031021678297,0.8,0.25,True,5.392031021678296
v3_sc0_staging_19,L3,2,2,label_cell,False,0,False,True,False,False,True,5.392031021678297,0.632455532033676,0.47434164902525694,True,5.392031021678296
v3_sc0_staging_19,L3,2,2,geometry,False,0,False,False,False,False,False,nan,nan,nan,False,5.392031021678296
v3_sc0_staging_19,L3,2,2,label_only,False,0,False,False,False,False,False,nan,nan,nan,False,5.392031021678296
v3_sc0_staging_19,L3,2,2,pose_only,False,0,False,True,False,False,True,5.4213203435596435,0.8,0.25,True,5.392031021678296
v3_sc0_staging_19,L3,2,2,separate,False,0,False,False,False,False,False,nan,nan,nan,False,5.392031021678296
v3_sc0_staging_19,L3,2,2,joint,False,0,False,False,False,False,False,nan,nan,nan,False,5.392031021678296
v3_sc0_staging_19,L3,2,2,oracle,False,0,False,True,False,False,True,5.392031021678296,0.55,0.5,True,5.392031021678296
v3_sc0_staging_19,L3,2,3,uncalibrated,False,0,True,True,False,False,True,4.962132034355965,0.65,0.4,True,4.870710678118655
v3_sc0_staging_19,L3,2,3,label_cell,False,0,False,True,False,False,True,5.003553390593274,0.6000000000000001,0.5,True,4.870710678118655
v3_sc0_staging_19,L3,2,3,geometry,False,0,False,False,False,False,False,nan,nan,nan,False,4.870710678118655
v3_sc0_staging_19,L3,2,3,label_only,False,0,False,False,False,False,False,nan,nan,nan,False,4.870710678118655
v3_sc0_staging_19,L3,2,3,pose_only,False,0,False,False,False,False,False,nan,nan,nan,False,4.870710678118655
v3_sc0_staging_19,L3,2,3,separate,False,0,False,False,False,False,False,nan,nan,nan,False,4.870710678118655
v3_sc0_staging_19,L3,2,3,joint,False,0,False,False,False,False,False,nan,nan,nan,False,4.870710678118655
v3_sc0_staging_19,L3,2,3,oracle,False,0,False,True,False,False,True,4.870710678118655,0.5024937810560445,0.45,True,4.870710678118655
v3_sc0_staging_19,L3,2,4,uncalibrated,False,0,True,True,False,False,True,5.874873734152916,0.6000000000000001,0.45,True,5.874873734152916
v3_sc0_staging_19,L3,2,4,label_cell,False,0,False,True,False,False,True,5.874873734152916,0.6000000000000001,0.4949747468305833,True,5.874873734152916
v3_sc0_staging_19,L3,2,4,geometry,False,0,False,False,False,False,False,nan,nan,nan,False,5.874873734152916
v3_sc0_staging_19,L3,2,4,label_only,False,0,False,False,False,False,False,nan,nan,nan,False,5.874873734152916
v3_sc0_staging_19,L3,2,4,pose_only,False,0,False,True,False,False,True,5.916295090390226,0.75,0.35000000000000003,True,5.874873734152916
v3_sc0_staging_19,L3,2,4,separate,False,0,False,False,False,False,False,nan,nan,nan,False,5.874873734152916
v3_sc0_staging_19,L3,2,4,joint,False,0,False,False,False,False,False,nan,nan,nan,False,5.874873734152916
v3_sc0_staging_19,L3,2,4,oracle,False,0,False,True,False,False,True,5.874873734152916,0.5024937810560445,0.4242640687119285,True,5.874873734152916
v3_sc0_staging_19,L3,2,5,uncalibrated,False,0,True,True,False,False,True,5.542031021678298,0.9,0.18027756377319948,True,5.542031021678298
v3_sc0_staging_19,L3,2,5,label_cell,False,0,False,True,False,False,True,5.542031021678298,0.632455532033676,0.47434164902525694,True,5.542031021678298
v3_sc0_staging_19,L3,2,5,geometry,False,0,False,False,False,False,False,nan,nan,nan,False,5.542031021678298
v3_sc0_staging_19,L3,2,5,label_only,False,0,False,False,False,False,False,nan,nan,nan,False,5.542031021678298
v3_sc0_staging_19,L3,2,5,pose_only,False,0,False,True,False,False,True,5.542031021678298,0.9,0.18027756377319948,True,5.542031021678298
v3_sc0_staging_19,L3,2,5,separate,False,0,False,False,False,False,False,nan,nan,nan,False,5.542031021678298
v3_sc0_staging_19,L3,2,5,joint,False,0,False,False,False,False,False,nan,nan,nan,False,5.542031021678298
v3_sc0_staging_19,L3,2,5,oracle,False,0,False,True,False,False,True,5.542031021678298,0.9,0.20615528128088303,True,5.542031021678298
v3_sc0_staging_19,L3,2,6,uncalibrated,False,0,True,False,False,False,False,nan,nan,nan,False,5.252081528017131
v3_sc0_staging_19,L3,2,6,label_cell,False,0,False,False,False,False,False,nan,nan,nan,False,5.252081528017131
v3_sc0_staging_19,L3,2,6,geometry,False,0,False,False,False,False,False,nan,nan,nan,False,5.252081528017131
v3_sc0_staging_19,L3,2,6,label_only,False,0,False,False,False,False,False,nan,nan,nan,False,5.252081528017131
v3_sc0_staging_19,L3,2,6,pose_only,False,0,False,False,False,False,False,nan,nan,nan,False,5.252081528017131
v3_sc0_staging_19,L3,2,6,separate,False,0,False,False,False,False,False,nan,nan,nan,False,5.252081528017131
v3_sc0_staging_19,L3,2,6,joint,False,0,False,False,False,False,False,nan,nan,nan,False,5.252081528017131
v3_sc0_staging_19,L3,2,6,oracle,False,0,False,True,False,False,True,5.252081528017131,0.5024937810560445,0.223606797749979,True,5.252081528017131
v3_sc0_staging_19,L3,2,7,uncalibrated,False,0,True,False,False,False,False,nan,nan,nan,False,8.79827560572969
v3_sc0_staging_19,L3,2,7,label_cell,False,0,False,False,False,False,False,nan,nan,nan,False,8.79827560572969
v3_sc0_staging_19,L3,2,7,geometry,False,0,False,False,False,False,False,nan,nan,nan,False,8.79827560572969
v3_sc0_staging_19,L3,2,7,label_only,False,0,False,False,False,False,False,nan,nan,nan,False,8.79827560572969
v3_sc0_staging_19,L3,2,7,pose_only,False,0,False,False,False,False,False,nan,nan,nan,False,8.79827560572969
v3_sc0_staging_19,L3,2,7,separate,False,0,False,False,False,False,False,nan,nan,nan,False,8.79827560572969
v3_sc0_staging_19,L3,2,7,joint,False,0,False,False,False,False,False,nan,nan,nan,False,8.79827560572969
v3_sc0_staging_19,L3,2,7,oracle,False,0,False,True,False,False,True,8.79827560572969,0.6020797289396148,0.20615528128088303,True,8.79827560572969
v3_sc0_staging_19,L3,2,8,uncalibrated,False,0,True,True,False,False,True,4.195584412271571,0.7000000000000001,0.45,True,4.195584412271571
v3_sc0_staging_19,L3,2,8,label_cell,False,0,False,True,False,False,True,4.224873734152915,0.632455532033676,0.47434164902525694,True,4.195584412271571
v3_sc0_staging_19,L3,2,8,geometry,False,0,False,False,False,False,False,nan,nan,nan,False,4.195584412271571
v3_sc0_staging_19,L3,2,8,label_only,False,0,False,False,False,False,False,nan,nan,nan,False,4.195584412271571
v3_sc0_staging_19,L3,2,8,pose_only,False,0,False,True,False,False,True,4.224873734152916,0.9219544457292888,0.2,True,4.195584412271571
v3_sc0_staging_19,L3,2,8,separate,False,0,False,False,False,False,False,nan,nan,nan,False,4.195584412271571
v3_sc0_staging_19,L3,2,8,joint,False,0,False,False,False,False,False,nan,nan,nan,False,4.195584412271571
v3_sc0_staging_19,L3,2,8,oracle,False,0,False,True,False,False,True,4.195584412271571,0.7000000000000001,0.45,True,4.195584412271571
v3_sc0_staging_19,L3,2,9,uncalibrated,False,0,True,False,False,False,False,nan,nan,nan,False,4.860660171779822
v3_sc0_staging_19,L3,2,9,label_cell,False,0,False,False,False,False,False,nan,nan,nan,False,4.860660171779822
v3_sc0_staging_19,L3,2,9,geometry,False,0,False,False,False,False,False,nan,nan,nan,False,4.860660171779822
v3_sc0_staging_19,L3,2,9,label_only,False,0,False,False,False,False,False,nan,nan,nan,False,4.860660171779822
v3_sc0_staging_19,L3,2,9,pose_only,False,0,False,False,False,False,False,nan,nan,nan,False,4.860660171779822
v3_sc0_staging_19,L3,2,9,separate,False,0,False,False,False,False,False,nan,nan,nan,False,4.860660171779822
v3_sc0_staging_19,L3,2,9,joint,False,0,False,False,False,False,False,nan,nan,nan,False,4.860660171779822
v3_sc0_staging_19,L3,2,9,oracle,False,0,False,True,False,False,True,4.860660171779822,0.5024937810560445,0.30000000000000004,True,4.860660171779822
v3_sc0_staging_19,L3,2,10,uncalibrated,False,0,True,True,False,False,True,5.592031021678298,0.8,0.25,True,5.571320343559642
v3_sc0_staging_19,L3,2,10,label_cell,False,0,False,True,False,False,True,5.621320343559643,0.6000000000000001,0.5,True,5.571320343559642
v3_sc0_staging_19,L3,2,10,geometry,False,0,False,False,False,False,False,nan,nan,nan,False,5.571320343559642
v3_sc0_staging_19,L3,2,10,label_only,False,0,False,False,False,False,False,nan,nan,nan,False,5.571320343559642
v3_sc0_staging_19,L3,2,10,pose_only,False,0,False,True,False,False,True,5.754163056034262,0.8,0.25,True,5.571320343559642
v3_sc0_staging_19,L3,2,10,separate,False,0,False,False,False,False,False,nan,nan,nan,False,5.571320343559642
v3_sc0_staging_19,L3,2,10,joint,False,0,False,False,False,False,False,nan,nan,nan,False,5.571320343559642
v3_sc0_staging_19,L3,2,10,oracle,False,0,False,True,False,False,True,5.571320343559642,0.8,0.25,True,5.571320343559642
v3_sc0_staging_19,L3,2,11,uncalibrated,False,0,True,True,False,False,True,4.5162950903902255,0.8500000000000001,0.30000000000000004,True,4.457716446627535
v3_sc0_staging_19,L3,2,11,label_cell,False,0,False,True,False,False,True,4.574873734152916,0.632455532033676,0.47434164902525694,True,4.457716446627535
v3_sc0_staging_19,L3,2,11,geometry,False,0,False,False,False,False,False,nan,nan,nan,False,4.457716446627535
v3_sc0_staging_19,L3,2,11,label_only,False,0,False,False,False,False,False,nan,nan,nan,False,4.457716446627535
v3_sc0_staging_19,L3,2,11,pose_only,False,0,False,True,False,False,True,4.624873734152916,0.8500000000000001,0.30000000000000004,True,4.457716446627535
v3_sc0_staging_19,L3,2,11,separate,False,0,False,False,False,False,False,nan,nan,nan,False,4.457716446627535
v3_sc0_staging_19,L3,2,11,joint,False,0,False,False,False,False,False,nan,nan,nan,False,4.457716446627535
v3_sc0_staging_19,L3,2,11,oracle,False,0,False,True,False,False,True,4.457716446627535,0.5830951894845301,0.55,True,4.457716446627535
v3_sc0_staging_19,L3,2,12,uncalibrated,False,0,True,False,False,False,False,nan,nan,nan,False,9.196803743153549
v3_sc0_staging_19,L3,2,12,label_cell,False,0,False,False,False,False,False,nan,nan,nan,False,9.196803743153549
v3_sc0_staging_19,L3,2,12,geometry,False,0,False,False,False,False,False,nan,nan,nan,False,9.196803743153549
v3_sc0_staging_19,L3,2,12,label_only,False,0,False,False,False,False,False,nan,nan,nan,False,9.196803743153549
v3_sc0_staging_19,L3,2,12,pose_only,False,0,False,False,False,False,False,nan,nan,nan,False,9.196803743153549
v3_sc0_staging_19,L3,2,12,separate,False,0,False,False,False,False,False,nan,nan,nan,False,9.196803743153549
v3_sc0_staging_19,L3,2,12,joint,False,0,False,False,False,False,False,nan,nan,nan,False,9.196803743153549
v3_sc0_staging_19,L3,2,12,oracle,False,0,False,True,False,False,True,9.196803743153549,0.6363961030678928,0.20615528128088303,True,9.196803743153549
v3_sc0_staging_19,L3,2,13,uncalibrated,False,0,True,False,False,False,False,nan,nan,nan,False,4.812132034355964
v3_sc0_staging_19,L3,2,13,label_cell,False,0,False,False,False,False,False,nan,nan,nan,False,4.812132034355964
v3_sc0_staging_19,L3,2,13,geometry,False,0,False,False,False,False,False,nan,nan,nan,False,4.812132034355964
v3_sc0_staging_19,L3,2,13,label_only,False,0,False,False,False,False,False,nan,nan,nan,False,4.812132034355964
v3_sc0_staging_19,L3,2,13,pose_only,False,0,False,False,False,False,False,nan,nan,nan,False,4.812132034355964
v3_sc0_staging_19,L3,2,13,separate,False,0,False,False,False,False,False,nan,nan,nan,False,4.812132034355964
v3_sc0_staging_19,L3,2,13,joint,False,0,False,False,False,False,False,nan,nan,nan,False,4.812132034355964
v3_sc0_staging_19,L3,2,13,oracle,False,0,False,True,False,False,True,4.812132034355964,0.5024937810560445,0.42720018726587655,True,4.812132034355964
v3_sc0_staging_19,L3,2,14,uncalibrated,False,0,True,False,False,False,False,nan,nan,nan,False,5.355634918610405
v3_sc0_staging_19,L3,2,14,label_cell,False,0,False,False,False,False,False,nan,nan,nan,False,5.355634918610405
v3_sc0_staging_19,L3,2,14,geometry,False,0,False,False,False,False,False,nan,nan,nan,False,5.355634918610405
v3_sc0_staging_19,L3,2,14,label_only,False,0,False,False,False,False,False,nan,nan,nan,False,5.355634918610405
v3_sc0_staging_19,L3,2,14,pose_only,False,0,False,False,False,False,False,nan,nan,nan,False,5.355634918610405
v3_sc0_staging_19,L3,2,14,separate,False,0,False,False,False,False,False,nan,nan,nan,False,5.355634918610405
v3_sc0_staging_19,L3,2,14,joint,False,0,False,False,False,False,False,nan,nan,nan,False,5.355634918610405
v3_sc0_staging_19,L3,2,14,oracle,False,0,False,True,False,False,True,5.355634918610405,0.5024937810560445,0.21213203435596426,True,5.355634918610405
v3_sc0_staging_19,L3,2,15,uncalibrated,False,0,True,True,False,False,True,3.4006096654409874,0.7158910531638177,0.21213203435596426,True,3.4006096654409874
v3_sc0_staging_19,L3,2,15,label_cell,False,0,False,True,False,False,True,3.4006096654409883,0.632455532033676,0.47434164902525694,True,3.4006096654409874
v3_sc0_staging_19,L3,2,15,geometry,False,0,False,False,False,False,False,nan,nan,nan,False,3.4006096654409874
v3_sc0_staging_19,L3,2,15,label_only,False,0,False,False,False,False,False,nan,nan,nan,False,3.4006096654409874
v3_sc0_staging_19,L3,2,15,pose_only,False,0,False,True,False,False,True,3.4006096654409883,0.9219544457292888,0.18027756377319948,True,3.4006096654409874
v3_sc0_staging_19,L3,2,15,separate,False,0,False,False,False,False,False,nan,nan,nan,False,3.4006096654409874
v3_sc0_staging_19,L3,2,15,joint,False,0,False,False,False,False,False,nan,nan,nan,False,3.4006096654409874
v3_sc0_staging_19,L3,2,15,oracle,False,0,False,True,False,False,True,3.4006096654409874,0.7158910531638177,0.21213203435596426,True,3.4006096654409874
v3_sc0_staging_19,L3,2,16,uncalibrated,False,0,True,True,False,False,True,4.843502884254441,0.7516648189186454,0.30000000000000004,True,4.843502884254441
v3_sc0_staging_19,L3,2,16,label_cell,False,0,False,True,False,False,True,4.843502884254441,0.6000000000000001,0.47434164902525694,True,4.843502884254441
v3_sc0_staging_19,L3,2,16,geometry,False,0,False,False,False,False,False,nan,nan,nan,False,4.843502884254441
v3_sc0_staging_19,L3,2,16,label_only,False,0,False,False,False,False,False,nan,nan,nan,False,4.843502884254441
v3_sc0_staging_19,L3,2,16,pose_only,False,0,False,True,False,False,True,4.843502884254441,0.7516648189186454,0.30000000000000004,True,4.843502884254441
v3_sc0_staging_19,L3,2,16,separate,False,0,False,False,False,False,False,nan,nan,nan,False,4.843502884254441
v3_sc0_staging_19,L3,2,16,joint,False,0,False,False,False,False,False,nan,nan,nan,False,4.843502884254441
v3_sc0_staging_19,L3,2,16,oracle,False,0,False,True,False,False,True,4.843502884254441,0.7516648189186454,0.30000000000000004,True,4.843502884254441
v3_sc0_staging_19,L3,2,17,uncalibrated,False,0,True,False,False,False,False,nan,nan,nan,False,4.910660171779821
v3_sc0_staging_19,L3,2,17,label_cell,False,0,False,False,False,False,False,nan,nan,nan,False,4.910660171779821
v3_sc0_staging_19,L3,2,17,geometry,False,0,False,False,False,False,False,nan,nan,nan,False,4.910660171779821
v3_sc0_staging_19,L3,2,17,label_only,False,0,False,False,False,False,False,nan,nan,nan,False,4.910660171779821
v3_sc0_staging_19,L3,2,17,pose_only,False,0,False,False,False,False,False,nan,nan,nan,False,4.910660171779821
v3_sc0_staging_19,L3,2,17,separate,False,0,False,False,False,False,False,nan,nan,nan,False,4.910660171779821
v3_sc0_staging_19,L3,2,17,joint,False,0,False,False,False,False,False,nan,nan,nan,False,4.910660171779821
v3_sc0_staging_19,L3,2,17,oracle,False,0,False,True,False,False,True,4.910660171779821,0.55,0.20615528128088303,True,4.910660171779821
v3_sc0_staging_19,L3,2,18,uncalibrated,False,0,True,True,False,False,True,5.100609665440988,0.7778174593052023,0.2,True,5.100609665440988
v3_sc0_staging_19,L3,2,18,label_cell,False,0,False,True,False,False,True,5.159188309203678,0.6000000000000001,0.5,True,5.100609665440988
v3_sc0_staging_19,L3,2,18,geometry,False,0,False,False,False,False,False,nan,nan,nan,False,5.100609665440988
v3_sc0_staging_19,L3,2,18,label_only,False,0,False,False,False,False,False,nan,nan,nan,False,5.100609665440988
v3_sc0_staging_19,L3,2,18,pose_only,False,0,False,False,False,False,False,nan,nan,nan,False,5.100609665440988
v3_sc0_staging_19,L3,2,18,separate,False,0,False,False,False,False,False,nan,nan,nan,False,5.100609665440988
v3_sc0_staging_19,L3,2,18,joint,False,0,False,False,False,False,False,nan,nan,nan,False,5.100609665440988
v3_sc0_staging_19,L3,2,18,oracle,False,0,False,True,False,False,True,5.100609665440988,0.5024937810560445,0.3354101966249685,True,5.100609665440988
v3_sc0_staging_19,L3,2,19,uncalibrated,False,0,True,True,False,False,True,4.2662950903902255,0.65,0.4609772228646444,True,4.090559159102155
v3_sc0_staging_19,L3,2,19,label_cell,False,0,False,False,False,False,False,nan,nan,nan,False,4.090559159102155
v3_sc0_staging_19,L3,2,19,geometry,False,0,False,False,False,False,False,nan,nan,nan,False,4.090559159102155
v3_sc0_staging_19,L3,2,19,label_only,False,0,False,False,False,False,False,nan,nan,nan,False,4.090559159102155
v3_sc0_staging_19,L3,2,19,pose_only,False,0,False,True,False,False,True,4.4662950903902265,0.9,0.21213203435596426,True,4.090559159102155
v3_sc0_staging_19,L3,2,19,separate,False,0,False,False,False,False,False,nan,nan,nan,False,4.090559159102155
v3_sc0_staging_19,L3,2,19,joint,False,0,False,False,False,False,False,nan,nan,nan,False,4.090559159102155
v3_sc0_staging_19,L3,2,19,oracle,False,0,False,True,False,False,True,4.090559159102155,0.65,0.3905124837953327,True,4.090559159102155
v3_sc0_staging_19,L3,3,0,uncalibrated,False,0,True,True,False,False,True,4.615685424949238,0.6000000000000001,0.55,True,4.615685424949238
v3_sc0_staging_19,L3,3,0,label_cell,False,0,False,False,False,False,False,nan,nan,nan,False,4.615685424949238
v3_sc0_staging_19,L3,3,0,geometry,False,0,False,False,False,False,False,nan,nan,nan,False,4.615685424949238
v3_sc0_staging_19,L3,3,0,label_only,False,0,False,False,False,False,False,nan,nan,nan,False,4.615685424949238
v3_sc0_staging_19,L3,3,0,pose_only,False,0,False,True,False,False,True,4.615685424949238,0.8,0.35000000000000003,True,4.615685424949238
v3_sc0_staging_19,L3,3,0,separate,False,0,False,False,False,False,False,nan,nan,nan,False,4.615685424949238
v3_sc0_staging_19,L3,3,0,joint,False,0,False,False,False,False,False,nan,nan,nan,False,4.615685424949238
v3_sc0_staging_19,L3,3,0,oracle,False,0,False,True,False,False,True,4.615685424949238,0.6000000000000001,0.55,True,4.615685424949238
v3_sc0_staging_19,L3,3,1,uncalibrated,False,0,True,False,False,False,False,nan,nan,nan,False,5.809188309203679
v3_sc0_staging_19,L3,3,1,label_cell,False,0,False,False,False,False,False,nan,nan,nan,False,5.809188309203679
v3_sc0_staging_19,L3,3,1,geometry,False,0,False,False,False,False,False,nan,nan,nan,False,5.809188309203679
v3_sc0_staging_19,L3,3,1,label_only,False,0,False,False,False,False,False,nan,nan,nan,False,5.809188309203679
v3_sc0_staging_19,L3,3,1,pose_only,False,0,False,False,False,False,False,nan,nan,nan,False,5.809188309203679
v3_sc0_staging_19,L3,3,1,separate,False,0,False,False,False,False,False,nan,nan,nan,False,5.809188309203679
v3_sc0_staging_19,L3,3,1,joint,False,0,False,False,False,False,False,nan,nan,nan,False,5.809188309203679
v3_sc0_staging_19,L3,3,1,oracle,False,0,False,True,False,False,True,5.809188309203679,0.5147815070493501,0.20615528128088303,True,5.809188309203679
v3_sc0_staging_19,L3,3,2,uncalibrated,False,0,True,True,False,False,True,5.355634918610405,0.8,0.35000000000000003,True,5.355634918610405
v3_sc0_staging_19,L3,3,2,label_cell,False,0,False,False,False,False,False,nan,nan,nan,False,5.355634918610405
v3_sc0_staging_19,L3,3,2,geometry,False,0,False,False,False,False,False,nan,nan,nan,False,5.355634918610405
v3_sc0_staging_19,L3,3,2,label_only,False,0,False,False,False,False,False,nan,nan,nan,False,5.355634918610405
v3_sc0_staging_19,L3,3,2,pose_only,False,0,False,True,False,False,True,5.355634918610405,0.8,0.35000000000000003,True,5.355634918610405
v3_sc0_staging_19,L3,3,2,separate,False,0,False,False,False,False,False,nan,nan,nan,False,5.355634918610405
v3_sc0_staging_19,L3,3,2,joint,False,0,False,False,False,False,False,nan,nan,nan,False,5.355634918610405
v3_sc0_staging_19,L3,3,2,oracle,False,0,False,True,False,False,True,5.355634918610405,0.8,0.35000000000000003,True,5.355634918610405
v3_sc0_staging_19,L3,3,3,uncalibrated,False,0,True,True,False,False,True,5.015685424949238,0.6000000000000001,0.5,True,4.986396103067894
v3_sc0_staging_19,L3,3,3,label_cell,False,0,False,False,False,False,False,nan,nan,nan,False,4.986396103067894
v3_sc0_staging_19,L3,3,3,geometry,False,0,False,False,False,False,False,nan,nan,nan,False,4.986396103067894
v3_sc0_staging_19,L3,3,3,label_only,False,0,False,False,False,False,False,nan,nan,nan,False,4.986396103067894
v3_sc0_staging_19,L3,3,3,pose_only,False,0,False,False,False,False,False,nan,nan,nan,False,4.986396103067894
v3_sc0_staging_19,L3,3,3,separate,False,0,False,False,False,False,False,nan,nan,nan,False,4.986396103067894
v3_sc0_staging_19,L3,3,3,joint,False,0,False,False,False,False,False,nan,nan,nan,False,4.986396103067894
v3_sc0_staging_19,L3,3,3,oracle,False,0,False,True,False,False,True,4.986396103067894,0.6000000000000001,0.5,True,4.986396103067894
v3_sc0_staging_19,L3,3,4,uncalibrated,False,0,True,True,False,False,True,5.826345596729059,0.5656854249492381,0.45,True,5.826345596729059
v3_sc0_staging_19,L3,3,4,label_cell,False,0,False,False,False,False,False,nan,nan,nan,False,5.826345596729059
v3_sc0_staging_19,L3,3,4,geometry,False,0,False,False,False,False,False,nan,nan,nan,False,5.826345596729059
v3_sc0_staging_19,L3,3,4,label_only,False,0,False,False,False,False,False,nan,nan,nan,False,5.826345596729059
v3_sc0_staging_19,L3,3,4,pose_only,False,0,False,True,False,False,True,5.888477631085024,0.6670832032063168,0.45,True,5.826345596729059
v3_sc0_staging_19,L3,3,4,separate,False,0,False,False,False,False,False,nan,nan,nan,False,5.826345596729059
v3_sc0_staging_19,L3,3,4,joint,False,0,False,False,False,False,False,nan,nan,nan,False,5.826345596729059
v3_sc0_staging_19,L3,3,4,oracle,False,0,False,True,False,False,True,5.826345596729059,0.5656854249492381,0.45,True,5.826345596729059
v3_sc0_staging_19,L3,3,5,uncalibrated,False,0,True,True,False,False,True,5.514213562373095,0.7000000000000001,0.45,True,5.514213562373095
v3_sc0_staging_19,L3,3,5,label_cell,False,0,False,False,False,False,False,nan,nan,nan,False,5.514213562373095
v3_sc0_staging_19,L3,3,5,geometry,False,0,False,False,False,False,False,nan,nan,nan,False,5.514213562373095
v3_sc0_staging_19,L3,3,5,label_only,False,0,False,False,False,False,False,nan,nan,nan,False,5.514213562373095
v3_sc0_staging_19,L3,3,5,pose_only,False,0,False,True,False,False,True,5.514213562373095,0.7000000000000001,0.45,True,5.514213562373095
v3_sc0_staging_19,L3,3,5,separate,False,0,False,False,False,False,False,nan,nan,nan,False,5.514213562373095
v3_sc0_staging_19,L3,3,5,joint,False,0,False,False,False,False,False,nan,nan,nan,False,5.514213562373095
v3_sc0_staging_19,L3,3,5,oracle,False,0,False,True,False,False,True,5.514213562373095,0.7000000000000001,0.45,True,5.514213562373095
v3_sc0_staging_19,L3,3,6,uncalibrated,False,0,True,False,False,False,False,nan,nan,nan,False,5.139949493661167
v3_sc0_staging_19,L3,3,6,label_cell,False,0,False,False,False,False,False,nan,nan,nan,False,5.139949493661167
v3_sc0_staging_19,L3,3,6,geometry,False,0,False,False,False,False,False,nan,nan,nan,False,5.139949493661167
v3_sc0_staging_19,L3,3,6,label_only,False,0,False,False,False,False,False,nan,nan,nan,False,5.139949493661167
v3_sc0_staging_19,L3,3,6,pose_only,False,0,False,False,False,False,False,nan,nan,nan,False,5.139949493661167
v3_sc0_staging_19,L3,3,6,separate,False,0,False,False,False,False,False,nan,nan,nan,False,5.139949493661167
v3_sc0_staging_19,L3,3,6,joint,False,0,False,False,False,False,False,nan,nan,nan,False,5.139949493661167
v3_sc0_staging_19,L3,3,6,oracle,False,0,False,True,False,False,True,5.139949493661167,0.5024937810560445,0.223606797749979,True,5.139949493661167
v3_sc0_staging_19,L3,3,7,uncalibrated,False,0,True,True,False,False,True,9.151219330881977,0.5147815070493501,0.28284271247461906,True,8.858326112068523
v3_sc0_staging_19,L3,3,7,label_cell,False,0,False,False,False,False,False,nan,nan,nan,False,8.858326112068523
v3_sc0_staging_19,L3,3,7,geometry,False,0,False,False,False,False,False,nan,nan,nan,False,8.858326112068523
v3_sc0_staging_19,L3,3,7,label_only,False,0,False,False,False,False,False,nan,nan,nan,False,8.858326112068523
v3_sc0_staging_19,L3,3,7,pose_only,False,0,False,False,False,False,False,nan,nan,nan,False,8.858326112068523
v3_sc0_staging_19,L3,3,7,separate,False,0,False,False,False,False,False,nan,nan,nan,False,8.858326112068523
v3_sc0_staging_19,L3,3,7,joint,False,0,False,False,False,False,False,nan,nan,nan,False,8.858326112068523
v3_sc0_staging_19,L3,3,7,oracle,False,0,False,True,False,False,True,8.858326112068523,0.5147815070493501,0.20615528128088303,True,8.858326112068523
v3_sc0_staging_19,L3,3,8,uncalibrated,False,0,True,True,False,False,True,4.229898987322333,0.75,0.4,True,4.229898987322333
v3_sc0_staging_19,L3,3,8,label_cell,False,0,False,False,False,False,False,nan,nan,nan,False,4.229898987322333
v3_sc0_staging_19,L3,3,8,geometry,False,0,False,False,False,False,False,nan,nan,nan,False,4.229898987322333
v3_sc0_staging_19,L3,3,8,label_only,False,0,False,False,False,False,False,nan,nan,nan,False,4.229898987322333
v3_sc0_staging_19,L3,3,8,pose_only,False,0,False,True,False,False,True,4.229898987322333,0.75,0.4,True,4.229898987322333
v3_sc0_staging_19,L3,3,8,separate,False,0,False,False,False,False,False,nan,nan,nan,False,4.229898987322333
v3_sc0_staging_19,L3,3,8,joint,False,0,False,False,False,False,False,nan,nan,nan,False,4.229898987322333
v3_sc0_staging_19,L3,3,8,oracle,False,0,False,True,False,False,True,4.229898987322333,0.75,0.4,True,4.229898987322333
v3_sc0_staging_19,L3,3,9,uncalibrated,False,0,True,False,False,False,False,nan,nan,nan,False,4.889949493661167
v3_sc0_staging_19,L3,3,9,label_cell,False,0,False,False,False,False,False,nan,nan,nan,False,4.889949493661167
v3_sc0_staging_19,L3,3,9,geometry,False,0,False,False,False,False,False,nan,nan,nan,False,4.889949493661167
v3_sc0_staging_19,L3,3,9,label_only,False,0,False,False,False,False,False,nan,nan,nan,False,4.889949493661167
v3_sc0_staging_19,L3,3,9,pose_only,False,0,False,False,False,False,False,nan,nan,nan,False,4.889949493661167
v3_sc0_staging_19,L3,3,9,separate,False,0,False,False,False,False,False,nan,nan,nan,False,4.889949493661167
v3_sc0_staging_19,L3,3,9,joint,False,0,False,False,False,False,False,nan,nan,nan,False,4.889949493661167
v3_sc0_staging_19,L3,3,9,oracle,False,0,False,True,False,False,True,4.889949493661167,0.5024937810560445,0.30000000000000004,True,4.889949493661167
v3_sc0_staging_19,L3,3,10,uncalibrated,False,0,True,True,False,False,True,5.464213562373095,0.5147815070493501,0.5,True,5.464213562373095
v3_sc0_staging_19,L3,3,10,label_cell,False,0,False,False,False,False,False,nan,nan,nan,False,5.464213562373095
v3_sc0_staging_19,L3,3,10,geometry,False,0,False,False,False,False,False,nan,nan,nan,False,5.464213562373095
v3_sc0_staging_19,L3,3,10,label_only,False,0,False,False,False,False,False,nan,nan,nan,False,5.464213562373095
v3_sc0_staging_19,L3,3,10,pose_only,False,0,False,True,False,False,True,5.526345596729059,0.6670832032063168,0.45,True,5.464213562373095
v3_sc0_staging_19,L3,3,10,separate,False,0,False,False,False,False,False,nan,nan,nan,False,5.464213562373095
v3_sc0_staging_19,L3,3,10,joint,False,0,False,False,False,False,False,nan,nan,nan,False,5.464213562373095
v3_sc0_staging_19,L3,3,10,oracle,False,0,False,True,False,False,True,5.464213562373095,0.5147815070493501,0.40311288741492746,True,5.464213562373095
v3_sc0_staging_19,L3,3,11,uncalibrated,False,0,True,True,False,False,True,4.521320343559642,0.65,0.5,True,4.521320343559642
v3_sc0_staging_19,L3,3,11,label_cell,False,0,False,False,False,False,False,nan,nan,nan,False,4.521320343559642
v3_sc0_staging_19,L3,3,11,geometry,False,0,False,False,False,False,False,nan,nan,nan,False,4.521320343559642
v3_sc0_staging_19,L3,3,11,label_only,False,0,False,False,False,False,False,nan,nan,nan,False,4.521320343559642
v3_sc0_staging_19,L3,3,11,pose_only,False,0,False,True,False,False,True,4.521320343559642,0.8,0.35000000000000003,True,4.521320343559642
v3_sc0_staging_19,L3,3,11,separate,False,0,False,False,False,False,False,nan,nan,nan,False,4.521320343559642
v3_sc0_staging_19,L3,3,11,joint,False,0,False,False,False,False,False,nan,nan,nan,False,4.521320343559642
v3_sc0_staging_19,L3,3,11,oracle,False,0,False,True,False,False,True,4.521320343559642,0.65,0.5,True,4.521320343559642
v3_sc0_staging_19,L3,3,12,uncalibrated,False,0,True,True,False,False,True,9.98111831820431,0.5147815070493501,0.29154759474226505,True,9.176093065034895
v3_sc0_staging_19,L3,3,12,label_cell,False,0,False,False,False,False,False,nan,nan,nan,False,9.176093065034895
v3_sc0_staging_19,L3,3,12,geometry,False,0,False,False,False,False,False,nan,nan,nan,False,9.176093065034895
v3_sc0_staging_19,L3,3,12,label_only,False,0,False,False,False,False,False,nan,nan,nan,False,9.176093065034895
v3_sc0_staging_19,L3,3,12,pose_only,False,0,False,False,False,False,False,nan,nan,nan,False,9.176093065034895
v3_sc0_staging_19,L3,3,12,separate,False,0,False,False,False,False,False,nan,nan,nan,False,9.176093065034895
v3_sc0_staging_19,L3,3,12,joint,False,0,False,False,False,False,False,nan,nan,nan,False,9.176093065034895
v3_sc0_staging_19,L3,3,12,oracle,False,0,False,True,False,False,True,9.176093065034895,0.5147815070493501,0.20615528128088303,True,9.176093065034895
v3_sc0_staging_19,L3,3,13,uncalibrated,False,0,True,True,False,False,True,4.944974746830584,0.7000000000000001,0.45,True,4.915685424949237
v3_sc0_staging_19,L3,3,13,label_cell,False,0,False,False,False,False,False,nan,nan,nan,False,4.915685424949237
v3_sc0_staging_19,L3,3,13,geometry,False,0,False,False,False,False,False,nan,nan,nan,False,4.915685424949237
v3_sc0_staging_19,L3,3,13,label_only,False,0,False,False,False,False,False,nan,nan,nan,False,4.915685424949237
v3_sc0_staging_19,L3,3,13,pose_only,False,0,False,False,False,False,False,nan,nan,nan,False,4.915685424949237
v3_sc0_staging_19,L3,3,13,separate,False,0,False,False,False,False,False,nan,nan,nan,False,4.915685424949237
v3_sc0_staging_19,L3,3,13,joint,False,0,False,False,False,False,False,nan,nan,nan,False,4.915685424949237
v3_sc0_staging_19,L3,3,13,oracle,False,0,False,True,False,False,True,4.915685424949237,0.7000000000000001,0.447213595499958,True,4.915685424949237
v3_sc0_staging_19,L3,3,14,uncalibrated,False,0,True,False,False,False,False,nan,nan,nan,False,5.314213562373095
v3_sc0_staging_19,L3,3,14,label_cell,False,0,False,False,False,False,False,nan,nan,nan,False,5.314213562373095
v3_sc0_staging_19,L3,3,14,geometry,False,0,False,False,False,False,False,nan,nan,nan,False,5.314213562373095
v3_sc0_staging_19,L3,3,14,label_only,False,0,False,False,False,False,False,nan,nan,nan,False,5.314213562373095
v3_sc0_staging_19,L3,3,14,pose_only,False,0,False,False,False,False,False,nan,nan,nan,False,5.314213562373095
v3_sc0_staging_19,L3,3,14,separate,False,0,False,False,False,False,False,nan,nan,nan,False,5.314213562373095
v3_sc0_staging_19,L3,3,14,joint,False,0,False,False,False,False,False,nan,nan,nan,False,5.314213562373095
v3_sc0_staging_19,L3,3,14,oracle,False,0,False,True,False,False,True,5.314213562373095,0.5024937810560445,0.21213203435596426,True,5.314213562373095
v3_sc0_staging_19,L3,3,15,uncalibrated,False,0,True,True,False,False,True,3.426345596729059,0.55,0.3535533905932738,True,3.426345596729059
v3_sc0_staging_19,L3,3,15,label_cell,False,0,False,False,False,False,False,nan,nan,nan,False,3.426345596729059
v3_sc0_staging_19,L3,3,15,geometry,False,0,False,False,False,False,False,nan,nan,nan,False,3.426345596729059
v3_sc0_staging_19,L3,3,15,label_only,False,0,False,False,False,False,False,nan,nan,nan,False,3.426345596729059
v3_sc0_staging_19,L3,3,15,pose_only,False,0,False,True,False,False,True,3.426345596729059,0.8,0.316227766016838,True,3.426345596729059
v3_sc0_staging_19,L3,3,15,separate,False,0,False,False,False,False,False,nan,nan,nan,False,3.426345596729059
v3_sc0_staging_19,L3,3,15,joint,False,0,False,False,False,False,False,nan,nan,nan,False,3.426345596729059
v3_sc0_staging_19,L3,3,15,oracle,False,0,False,True,False,False,True,3.426345596729059,0.55,0.3535533905932738,True,3.426345596729059
v3_sc0_staging_19,L3,3,16,uncalibrated,False,0,True,True,False,False,True,4.665685424949238,0.55,0.55,True,4.665685424949238
v3_sc0_staging_19,L3,3,16,label_cell,False,0,False,False,False,False,False,nan,nan,nan,False,4.665685424949238
v3_sc0_staging_19,L3,3,16,geometry,False,0,False,False,False,False,False,nan,nan,nan,False,4.665685424949238
v3_sc0_staging_19,L3,3,16,label_only,False,0,False,False,False,False,False,nan,nan,nan,False,4.665685424949238
v3_sc0_staging_19,L3,3,16,pose_only,False,0,False,True,False,False,True,4.665685424949238,0.8,0.35000000000000003,True,4.665685424949238
v3_sc0_staging_19,L3,3,16,separate,False,0,False,False,False,False,False,nan,nan,nan,False,4.665685424949238
v3_sc0_staging_19,L3,3,16,joint,False,0,False,False,False,False,False,nan,nan,nan,False,4.665685424949238
v3_sc0_staging_19,L3,3,16,oracle,False,0,False,True,False,False,True,4.665685424949238,0.55,0.55,True,4.665685424949238
v3_sc0_staging_19,L3,3,17,uncalibrated,False,0,True,False,False,False,False,nan,nan,nan,False,4.839949493661166
v3_sc0_staging_19,L3,3,17,label_cell,False,0,False,False,False,False,False,nan,nan,nan,False,4.839949493661166
v3_sc0_staging_19,L3,3,17,geometry,False,0,False,False,False,False,False,nan,nan,nan,False,4.839949493661166
v3_sc0_staging_19,L3,3,17,label_only,False,0,False,False,False,False,False,nan,nan,nan,False,4.839949493661166
v3_sc0_staging_19,L3,3,17,pose_only,False,0,False,False,False,False,False,nan,nan,nan,False,4.839949493661166
v3_sc0_staging_19,L3,3,17,separate,False,0,False,False,False,False,False,nan,nan,nan,False,4.839949493661166
v3_sc0_staging_19,L3,3,17,joint,False,0,False,False,False,False,False,nan,nan,nan,False,4.839949493661166
v3_sc0_staging_19,L3,3,17,oracle,False,0,False,True,False,False,True,4.839949493661166,0.5024937810560445,0.20615528128088303,True,4.839949493661166
v3_sc0_staging_19,L3,3,18,uncalibrated,False,0,True,True,False,False,True,5.014213562373095,0.5099019513592785,0.49244289008980524,True,5.0142135623730955
v3_sc0_staging_19,L3,3,18,label_cell,False,0,False,False,False,False,False,nan,nan,nan,False,5.0142135623730955
v3_sc0_staging_19,L3,3,18,geometry,False,0,False,False,False,False,False,nan,nan,nan,False,5.0142135623730955
v3_sc0_staging_19,L3,3,18,label_only,False,0,False,False,False,False,False,nan,nan,nan,False,5.0142135623730955
v3_sc0_staging_19,L3,3,18,pose_only,False,0,False,True,False,False,True,5.014213562373095,0.6670832032063168,0.45,True,5.0142135623730955
v3_sc0_staging_19,L3,3,18,separate,False,0,False,False,False,False,False,nan,nan,nan,False,5.0142135623730955
v3_sc0_staging_19,L3,3,18,joint,False,0,False,False,False,False,False,nan,nan,nan,False,5.0142135623730955
v3_sc0_staging_19,L3,3,18,oracle,False,0,False,True,False,False,True,5.0142135623730955,0.5099019513592785,0.3640054944640259,True,5.0142135623730955
v3_sc0_staging_19,L3,3,19,uncalibrated,False,0,True,True,False,False,True,4.204163056034261,0.7000000000000001,0.3905124837953327,True,4.174873734152916
v3_sc0_staging_19,L3,3,19,label_cell,False,0,False,False,False,False,False,nan,nan,nan,False,4.174873734152916
v3_sc0_staging_19,L3,3,19,geometry,False,0,False,False,False,False,False,nan,nan,nan,False,4.174873734152916
v3_sc0_staging_19,L3,3,19,label_only,False,0,False,False,False,False,False,nan,nan,nan,False,4.174873734152916
v3_sc0_staging_19,L3,3,19,pose_only,False,0,False,True,False,False,True,4.262741699796952,0.7000000000000001,0.3905124837953327,True,4.174873734152916
v3_sc0_staging_19,L3,3,19,separate,False,0,False,False,False,False,False,nan,nan,nan,False,4.174873734152916
v3_sc0_staging_19,L3,3,19,joint,False,0,False,False,False,False,False,nan,nan,nan,False,4.174873734152916
v3_sc0_staging_19,L3,3,19,oracle,False,0,False,True,False,False,True,4.174873734152916,0.7000000000000001,0.3905124837953327,True,4.174873734152916
v3_sc0_staging_19,L3,4,0,uncalibrated,False,0,True,True,False,False,True,4.752081528017132,0.8500000000000001,0.2,True,4.752081528017132
v3_sc0_staging_19,L3,4,0,label_cell,False,0,False,False,False,False,False,nan,nan,nan,False,4.752081528017132
v3_sc0_staging_19,L3,4,0,geometry,False,0,False,False,False,False,False,nan,nan,nan,False,4.752081528017132
v3_sc0_staging_19,L3,4,0,label_only,False,0,False,False,False,False,False,nan,nan,nan,False,4.752081528017132
v3_sc0_staging_19,L3,4,0,pose_only,False,0,False,False,False,False,False,nan,nan,nan,False,4.752081528017132
v3_sc0_staging_19,L3,4,0,separate,False,0,False,False,False,False,False,nan,nan,nan,False,4.752081528017132
v3_sc0_staging_19,L3,4,0,joint,False,0,False,False,False,False,False,nan,nan,nan,False,4.752081528017132
v3_sc0_staging_19,L3,4,0,oracle,False,0,False,True,False,False,True,4.752081528017132,0.75,0.30000000000000004,True,4.752081528017132
v3_sc0_staging_19,L3,4,1,uncalibrated,False,0,True,False,False,False,False,nan,nan,nan,False,5.795584412271571
v3_sc0_staging_19,L3,4,1,label_cell,False,0,False,False,False,False,False,nan,nan,nan,False,5.795584412271571
v3_sc0_staging_19,L3,4,1,geometry,False,0,False,False,False,False,False,nan,nan,nan,False,5.795584412271571
v3_sc0_staging_19,L3,4,1,label_only,False,0,False,False,False,False,False,nan,nan,nan,False,5.795584412271571
v3_sc0_staging_19,L3,4,1,pose_only,False,0,False,False,False,False,False,nan,nan,nan,False,5.795584412271571
v3_sc0_staging_19,L3,4,1,separate,False,0,False,False,False,False,False,nan,nan,nan,False,5.795584412271571
v3_sc0_staging_19,L3,4,1,joint,False,0,False,False,False,False,False,nan,nan,nan,False,5.795584412271571
v3_sc0_staging_19,L3,4,1,oracle,False,0,False,True,False,False,True,5.795584412271571,0.5024937810560445,0.20615528128088303,True,5.795584412271571
v3_sc0_staging_19,L3,4,2,uncalibrated,False,0,True,True,False,False,True,5.479898987322334,0.9513148795220223,0.18027756377319948,True,5.421320343559643
v3_sc0_staging_19,L3,4,2,label_cell,False,0,False,False,False,False,False,nan,nan,nan,False,5.421320343559643
v3_sc0_staging_19,L3,4,2,geometry,False,0,False,False,False,False,False,nan,nan,nan,False,5.421320343559643
v3_sc0_staging_19,L3,4,2,label_only,False,0,False,False,False,False,False,nan,nan,nan,False,5.421320343559643
v3_sc0_staging_19,L3,4,2,pose_only,False,0,False,False,False,False,False,nan,nan,nan,False,5.421320343559643
v3_sc0_staging_19,L3,4,2,separate,False,0,False,False,False,False,False,nan,nan,nan,False,5.421320343559643
v3_sc0_staging_19,L3,4,2,joint,False,0,False,False,False,False,False,nan,nan,nan,False,5.421320343559643
v3_sc0_staging_19,L3,4,2,oracle,False,0,False,True,False,False,True,5.421320343559643,0.55,0.5,True,5.421320343559643
v3_sc0_staging_19,L3,4,3,uncalibrated,False,0,True,True,False,False,True,5.077817459305202,0.8,0.25,True,4.800000000000001
v3_sc0_staging_19,L3,4,3,label_cell,False,0,False,False,False,False,False,nan,nan,nan,False,4.800000000000001
v3_sc0_staging_19,L3,4,3,geometry,False,0,False,False,False,False,False,nan,nan,nan,False,4.800000000000001
v3_sc0_staging_19,L3,4,3,label_only,False,0,False,False,False,False,False,nan,nan,nan,False,4.800000000000001
v3_sc0_staging_19,L3,4,3,pose_only,False,0,False,False,False,False,False,nan,nan,nan,False,4.800000000000001
v3_sc0_staging_19,L3,4,3,separate,False,0,False,False,False,False,False,nan,nan,nan,False,4.800000000000001
v3_sc0_staging_19,L3,4,3,joint,False,0,False,False,False,False,False,nan,nan,nan,False,4.800000000000001
v3_sc0_staging_19,L3,4,3,oracle,False,0,False,True,False,False,True,4.800000000000001,0.55,0.5,True,4.800000000000001
v3_sc0_staging_19,L3,4,4,uncalibrated,False,0,True,True,False,False,True,6.012741699796953,0.8,0.25,True,5.883452377915607
v3_sc0_staging_19,L3,4,4,label_cell,False,0,False,False,False,False,False,nan,nan,nan,False,5.883452377915607
v3_sc0_staging_19,L3,4,4,geometry,False,0,False,False,False,False,False,nan,nan,nan,False,5.883452377915607
v3_sc0_staging_19,L3,4,4,label_only,False,0,False,False,False,False,False,nan,nan,nan,False,5.883452377915607
v3_sc0_staging_19,L3,4,4,pose_only,False,0,False,False,False,False,False,nan,nan,nan,False,5.883452377915607
v3_sc0_staging_19,L3,4,4,separate,False,0,False,False,False,False,False,nan,nan,nan,False,5.883452377915607
v3_sc0_staging_19,L3,4,4,joint,False,0,False,False,False,False,False,nan,nan,nan,False,5.883452377915607
v3_sc0_staging_19,L3,4,4,oracle,False,0,False,True,False,False,True,5.883452377915607,0.5024937810560445,0.4609772228646444,True,5.883452377915607
v3_sc0_staging_19,L3,4,5,uncalibrated,False,0,True,True,False,False,True,5.571320343559644,0.9,0.2,True,5.571320343559643
v3_sc0_staging_19,L3,4,5,label_cell,False,0,False,False,False,False,False,nan,nan,nan,False,5.571320343559643
v3_sc0_staging_19,L3,4,5,geometry,False,0,False,False,False,False,False,nan,nan,nan,False,5.571320343559643
v3_sc0_staging_19,L3,4,5,label_only,False,0,False,False,False,False,False,nan,nan,nan,False,5.571320343559643
v3_sc0_staging_19,L3,4,5,pose_only,False,0,False,False,False,False,False,nan,nan,nan,False,5.571320343559643
v3_sc0_staging_19,L3,4,5,separate,False,0,False,False,False,False,False,nan,nan,nan,False,5.571320343559643
v3_sc0_staging_19,L3,4,5,joint,False,0,False,False,False,False,False,nan,nan,nan,False,5.571320343559643
v3_sc0_staging_19,L3,4,5,oracle,False,0,False,True,False,False,True,5.571320343559643,0.9,0.20615528128088303,True,5.571320343559643
v3_sc0_staging_19,L3,4,6,uncalibrated,False,0,True,False,False,False,False,nan,nan,nan,False,5.231370849898476
v3_sc0_staging_19,L3,4,6,label_cell,False,0,False,False,False,False,False,nan,nan,nan,False,5.231370849898476
v3_sc0_staging_19,L3,4,6,geometry,False,0,False,False,False,False,False,nan,nan,nan,False,5.231370849898476
v3_sc0_staging_19,L3,4,6,label_only,False,0,False,False,False,False,False,nan,nan,nan,False,5.231370849898476
v3_sc0_staging_19,L3,4,6,pose_only,False,0,False,False,False,False,False,nan,nan,nan,False,5.231370849898476
v3_sc0_staging_19,L3,4,6,separate,False,0,False,False,False,False,False,nan,nan,nan,False,5.231370849898476
v3_sc0_staging_19,L3,4,6,joint,False,0,False,False,False,False,False,nan,nan,nan,False,5.231370849898476
v3_sc0_staging_19,L3,4,6,oracle,False,0,False,True,False,False,True,5.231370849898476,0.5024937810560445,0.2692582403567252,True,5.231370849898476
v3_sc0_staging_19,L3,4,7,uncalibrated,False,0,True,False,False,False,False,nan,nan,nan,False,8.777564927611037
v3_sc0_staging_19,L3,4,7,label_cell,False,0,False,False,False,False,False,nan,nan,nan,False,8.777564927611037
v3_sc0_staging_19,L3,4,7,geometry,False,0,False,False,False,False,False,nan,nan,nan,False,8.777564927611037
v3_sc0_staging_19,L3,4,7,label_only,False,0,False,False,False,False,False,nan,nan,nan,False,8.777564927611037
v3_sc0_staging_19,L3,4,7,pose_only,False,0,False,False,False,False,False,nan,nan,nan,False,8.777564927611037
v3_sc0_staging_19,L3,4,7,separate,False,0,False,False,False,False,False,nan,nan,nan,False,8.777564927611037
v3_sc0_staging_19,L3,4,7,joint,False,0,False,False,False,False,False,nan,nan,nan,False,8.777564927611037
v3_sc0_staging_19,L3,4,7,oracle,False,0,False,True,False,False,True,8.777564927611037,0.6363961030678928,0.20615528128088303,True,8.777564927611037
v3_sc0_staging_19,L3,4,8,uncalibrated,False,0,True,True,False,False,True,4.312741699796953,0.9500000000000001,0.2,True,4.224873734152915
v3_sc0_staging_19,L3,4,8,label_cell,False,0,False,False,False,False,False,nan,nan,nan,False,4.224873734152915
v3_sc0_staging_19,L3,4,8,geometry,False,0,False,False,False,False,False,nan,nan,nan,False,4.224873734152915
v3_sc0_staging_19,L3,4,8,label_only,False,0,False,False,False,False,False,nan,nan,nan,False,4.224873734152915
v3_sc0_staging_19,L3,4,8,pose_only,False,0,False,False,False,False,False,nan,nan,nan,False,4.224873734152915
v3_sc0_staging_19,L3,4,8,separate,False,0,False,False,False,False,False,nan,nan,nan,False,4.224873734152915
v3_sc0_staging_19,L3,4,8,joint,False,0,False,False,False,False,False,nan,nan,nan,False,4.224873734152915
v3_sc0_staging_19,L3,4,8,oracle,False,0,False,True,False,False,True,4.224873734152915,0.6946221994724903,0.45,True,4.224873734152915
v3_sc0_staging_19,L3,4,9,uncalibrated,False,0,True,False,False,False,False,nan,nan,nan,False,4.839949493661167
v3_sc0_staging_19,L3,4,9,label_cell,False,0,False,False,False,False,False,nan,nan,nan,False,4.839949493661167
v3_sc0_staging_19,L3,4,9,geometry,False,0,False,False,False,False,False,nan,nan,nan,False,4.839949493661167
v3_sc0_staging_19,L3,4,9,label_only,False,0,False,False,False,False,False,nan,nan,nan,False,4.839949493661167
v3_sc0_staging_19,L3,4,9,pose_only,False,0,False,False,False,False,False,nan,nan,nan,False,4.839949493661167
v3_sc0_staging_19,L3,4,9,separate,False,0,False,False,False,False,False,nan,nan,nan,False,4.839949493661167
v3_sc0_staging_19,L3,4,9,joint,False,0,False,False,False,False,False,nan,nan,nan,False,4.839949493661167
v3_sc0_staging_19,L3,4,9,oracle,False,0,False,True,False,False,True,4.839949493661167,0.5024937810560445,0.35000000000000003,True,4.839949493661167
v3_sc0_staging_19,L3,4,10,uncalibrated,False,0,True,True,False,False,True,5.779898987322333,0.8500000000000001,0.2,True,5.550609665440988
v3_sc0_staging_19,L3,4,10,label_cell,False,0,False,False,False,False,False,nan,nan,nan,False,5.550609665440988
v3_sc0_staging_19,L3,4,10,geometry,False,0,False,False,False,False,False,nan,nan,nan,False,5.550609665440988
v3_sc0_staging_19,L3,4,10,label_only,False,0,False,False,False,False,False,nan,nan,nan,False,5.550609665440988
v3_sc0_staging_19,L3,4,10,pose_only,False,0,False,False,False,False,False,nan,nan,nan,False,5.550609665440988
v3_sc0_staging_19,L3,4,10,separate,False,0,False,False,False,False,False,nan,nan,nan,False,5.550609665440988
v3_sc0_staging_19,L3,4,10,joint,False,0,False,False,False,False,False,nan,nan,nan,False,5.550609665440988
v3_sc0_staging_19,L3,4,10,oracle,False,0,False,True,False,False,True,5.550609665440988,0.5024937810560445,0.3905124837953327,True,5.550609665440988
v3_sc0_staging_19,L3,4,11,uncalibrated,False,0,True,True,False,False,True,4.762741699796953,0.9513148795220223,0.18027756377319948,True,4.487005768508881
v3_sc0_staging_19,L3,4,11,label_cell,False,0,False,False,False,False,False,nan,nan,nan,False,4.487005768508881
v3_sc0_staging_19,L3,4,11,geometry,False,0,False,False,False,False,False,nan,nan,nan,False,4.487005768508881
v3_sc0_staging_19,L3,4,11,label_only,False,0,False,False,False,False,False,nan,nan,nan,False,4.487005768508881
v3_sc0_staging_19,L3,4,11,pose_only,False,0,False,False,False,False,False,nan,nan,nan,False,4.487005768508881
v3_sc0_staging_19,L3,4,11,separate,False,0,False,False,False,False,False,nan,nan,nan,False,4.487005768508881
v3_sc0_staging_19,L3,4,11,joint,False,0,False,False,False,False,False,nan,nan,nan,False,4.487005768508881
v3_sc0_staging_19,L3,4,11,oracle,False,0,False,True,False,False,True,4.487005768508881,0.5220153254455275,0.55,True,4.487005768508881
v3_sc0_staging_19,L3,4,12,uncalibrated,False,0,True,False,False,False,False,nan,nan,nan,False,9.167514421272204
v3_sc0_staging_19,L3,4,12,label_cell,False,0,False,False,False,False,False,nan,nan,nan,False,9.167514421272204
v3_sc0_staging_19,L3,4,12,geometry,False,0,False,False,False,False,False,nan,nan,nan,False,9.167514421272204
v3_sc0_staging_19,L3,4,12,label_only,False,0,False,False,False,False,False,nan,nan,nan,False,9.167514421272204
v3_sc0_staging_19,L3,4,12,pose_only,False,0,False,False,False,False,False,nan,nan,nan,False,9.167514421272204
v3_sc0_staging_19,L3,4,12,separate,False,0,False,False,False,False,False,nan,nan,nan,False,9.167514421272204
v3_sc0_staging_19,L3,4,12,joint,False,0,False,False,False,False,False,nan,nan,nan,False,9.167514421272204
v3_sc0_staging_19,L3,4,12,oracle,False,0,False,True,False,False,True,9.167514421272204,0.6726812023536856,0.20615528128088303,True,9.167514421272204
v3_sc0_staging_19,L3,4,13,uncalibrated,False,0,True,False,False,False,False,nan,nan,nan,False,4.79142135623731
v3_sc0_staging_19,L3,4,13,label_cell,False,0,False,False,False,False,False,nan,nan,nan,False,4.79142135623731
v3_sc0_staging_19,L3,4,13,geometry,False,0,False,False,False,False,False,nan,nan,nan,False,4.79142135623731
v3_sc0_staging_19,L3,4,13,label_only,False,0,False,False,False,False,False,nan,nan,nan,False,4.79142135623731
v3_sc0_staging_19,L3,4,13,pose_only,False,0,False,False,False,False,False,nan,nan,nan,False,4.79142135623731
v3_sc0_staging_19,L3,4,13,separate,False,0,False,False,False,False,False,nan,nan,nan,False,4.79142135623731
v3_sc0_staging_19,L3,4,13,joint,False,0,False,False,False,False,False,nan,nan,nan,False,4.79142135623731
v3_sc0_staging_19,L3,4,13,oracle,False,0,False,True,False,False,True,4.79142135623731,0.5024937810560445,0.47434164902525694,True,4.79142135623731
v3_sc0_staging_19,L3,4,14,uncalibrated,False,0,True,False,False,False,False,nan,nan,nan,False,5.334924240491749
v3_sc0_staging_19,L3,4,14,label_cell,False,0,False,False,False,False,False,nan,nan,nan,False,5.334924240491749
v3_sc0_staging_19,L3,4,14,geometry,False,0,False,False,False,False,False,nan,nan,nan,False,5.334924240491749
v3_sc0_staging_19,L3,4,14,label_only,False,0,False,False,False,False,False,nan,nan,nan,False,5.334924240491749
v3_sc0_staging_19,L3,4,14,pose_only,False,0,False,False,False,False,False,nan,nan,nan,False,5.334924240491749
v3_sc0_staging_19,L3,4,14,separate,False,0,False,False,False,False,False,nan,nan,nan,False,5.334924240491749
v3_sc0_staging_19,L3,4,14,joint,False,0,False,False,False,False,False,nan,nan,nan,False,5.334924240491749
v3_sc0_staging_19,L3,4,14,oracle,False,0,False,True,False,False,True,5.334924240491749,0.5024937810560445,0.25,True,5.334924240491749
v3_sc0_staging_19,L3,4,15,uncalibrated,False,0,True,True,False,False,True,3.429898987322334,0.9513148795220223,0.18027756377319948,True,3.429898987322333
v3_sc0_staging_19,L3,4,15,label_cell,False,0,False,False,False,False,False,nan,nan,nan,False,3.429898987322333
v3_sc0_staging_19,L3,4,15,geometry,False,0,False,False,False,False,False,nan,nan,nan,False,3.429898987322333
v3_sc0_staging_19,L3,4,15,label_only,False,0,False,False,False,False,False,nan,nan,nan,False,3.429898987322333
v3_sc0_staging_19,L3,4,15,pose_only,False,0,False,False,False,False,False,nan,nan,nan,False,3.429898987322333
v3_sc0_staging_19,L3,4,15,separate,False,0,False,False,False,False,False,nan,nan,nan,False,3.429898987322333
v3_sc0_staging_19,L3,4,15,joint,False,0,False,False,False,False,False,nan,nan,nan,False,3.429898987322333
v3_sc0_staging_19,L3,4,15,oracle,False,0,False,True,False,False,True,3.429898987322333,0.7071067811865476,0.25,True,3.429898987322333
v3_sc0_staging_19,L3,4,16,uncalibrated,False,0,True,True,False,False,True,4.8520815280171306,0.8,0.25,True,4.8520815280171306
v3_sc0_staging_19,L3,4,16,label_cell,False,0,False,False,False,False,False,nan,nan,nan,False,4.8520815280171306
v3_sc0_staging_19,L3,4,16,geometry,False,0,False,False,False,False,False,nan,nan,nan,False,4.8520815280171306
v3_sc0_staging_19,L3,4,16,label_only,False,0,False,False,False,False,False,nan,nan,nan,False,4.8520815280171306
v3_sc0_staging_19,L3,4,16,pose_only,False,0,False,False,False,False,False,nan,nan,nan,False,4.8520815280171306
v3_sc0_staging_19,L3,4,16,separate,False,0,False,False,False,False,False,nan,nan,nan,False,4.8520815280171306
v3_sc0_staging_19,L3,4,16,joint,False,0,False,False,False,False,False,nan,nan,nan,False,4.8520815280171306
v3_sc0_staging_19,L3,4,16,oracle,False,0,False,True,False,False,True,4.8520815280171306,0.7000000000000001,0.35000000000000003,True,4.8520815280171306
v3_sc0_staging_19,L3,4,17,uncalibrated,False,0,True,False,False,False,False,nan,nan,nan,False,4.860660171779821
v3_sc0_staging_19,L3,4,17,label_cell,False,0,False,False,False,False,False,nan,nan,nan,False,4.860660171779821
v3_sc0_staging_19,L3,4,17,geometry,False,0,False,False,False,False,False,nan,nan,nan,False,4.860660171779821
v3_sc0_staging_19,L3,4,17,label_only,False,0,False,False,False,False,False,nan,nan,nan,False,4.860660171779821
v3_sc0_staging_19,L3,4,17,pose_only,False,0,False,False,False,False,False,nan,nan,nan,False,4.860660171779821
v3_sc0_staging_19,L3,4,17,separate,False,0,False,False,False,False,False,nan,nan,nan,False,4.860660171779821
v3_sc0_staging_19,L3,4,17,joint,False,0,False,False,False,False,False,nan,nan,nan,False,4.860660171779821
v3_sc0_staging_19,L3,4,17,oracle,False,0,False,True,False,False,True,4.860660171779821,0.5024937810560445,0.20615528128088303,True,4.860660171779821
v3_sc0_staging_19,L3,4,18,uncalibrated,False,0,True,False,False,False,False,nan,nan,nan,False,5.0591883092036785
v3_sc0_staging_19,L3,4,18,label_cell,False,0,False,False,False,False,False,nan,nan,nan,False,5.0591883092036785
v3_sc0_staging_19,L3,4,18,geometry,False,0,False,False,False,False,False,nan,nan,nan,False,5.0591883092036785
v3_sc0_staging_19,L3,4,18,label_only,False,0,False,False,False,False,False,nan,nan,nan,False,5.0591883092036785
v3_sc0_staging_19,L3,4,18,pose_only,False,0,False,False,False,False,False,nan,nan,nan,False,5.0591883092036785
v3_sc0_staging_19,L3,4,18,separate,False,0,False,False,False,False,False,nan,nan,nan,False,5.0591883092036785
v3_sc0_staging_19,L3,4,18,joint,False,0,False,False,False,False,False,nan,nan,nan,False,5.0591883092036785
v3_sc0_staging_19,L3,4,18,oracle,False,0,False,True,False,False,True,5.0591883092036785,0.5024937810560445,0.38078865529319544,True,5.0591883092036785
v3_sc0_staging_19,L3,4,19,uncalibrated,False,0,True,True,False,False,True,4.583452377915607,0.9513148795220223,0.18027756377319948,True,4.099137802864845
v3_sc0_staging_19,L3,4,19,label_cell,False,0,False,False,False,False,False,nan,nan,nan,False,4.099137802864845
v3_sc0_staging_19,L3,4,19,geometry,False,0,False,False,False,False,False,nan,nan,nan,False,4.099137802864845
v3_sc0_staging_19,L3,4,19,label_only,False,0,False,False,False,False,False,nan,nan,nan,False,4.099137802864845
v3_sc0_staging_19,L3,4,19,pose_only,False,0,False,False,False,False,False,nan,nan,nan,False,4.099137802864845
v3_sc0_staging_19,L3,4,19,separate,False,0,False,False,False,False,False,nan,nan,nan,False,4.099137802864845
v3_sc0_staging_19,L3,4,19,joint,False,0,False,False,False,False,False,nan,nan,nan,False,4.099137802864845
v3_sc0_staging_19,L3,4,19,oracle,False,0,False,True,False,False,True,4.099137802864845,0.6000000000000001,0.4242640687119285,True,4.099137802864845
