scene,level,seed,task,arm,abstained,classes_fell_back,exposed,planned,violation,collision,reached,length,clearance,obst_clearance,success,oracle_length
v3_sc0_staging_19,L0,0,0,uncalibrated,False,0,True,True,False,False,True,4.979898987322334,2.2561028345356955,0.20615528128088303,True,4.979898987322334
v3_sc0_staging_19,L0,0,0,label_cell,False,0,False,False,False,False,False,nan,nan,nan,False,4.979898987322334
v3_sc0_staging_19,L0,0,0,geometry,False,0,False,False,False,False,False,nan,nan,nan,False,4.979898987322334
v3_sc0_staging_19,L0,0,0,label_only,False,1,False,False,False,False,False,nan,nan,nan,False,4.979898987322334
v3_sc0_staging_19,L0,0,0,pose_only,False,0,True,True,False,False,True,4.979898987322334,2.2561028345356955,0.20615528128088303,True,4.979898987322334
v3_sc0_staging_19,L0,0,0,separate,False,1,False,False,False,False,False,nan,nan,nan,False,4.979898987322334
v3_sc0_staging_19,L0,0,0,joint,False,1,False,False,False,False,False,nan,nan,nan,False,4.979898987322334
v3_sc0_staging_19,L0,0,0,oracle,False,0,False,True,False,False,True,4.979898987322334,2.2561028345356955,0.20615528128088303,True,4.979898987322334
v3_sc0_staging_19,L0,0,1,uncalibrated,False,0,True,True,False,False,True,7.763351365237941,1.4000000000000001,0.20615528128088303,True,7.763351365237941
v3_sc0_staging_19,L0,0,1,label_cell,False,0,False,False,False,False,False,nan,nan,nan,False,7.763351365237941
v3_sc0_staging_19,L0,0,1,geometry,False,0,False,False,False,False,False,nan,nan,nan,False,7.763351365237941
v3_sc0_staging_19,L0,0,1,label_only,False,1,False,False,False,False,False,nan,nan,nan,False,7.763351365237941
v3_sc0_staging_19,L0,0,1,pose_only,False,0,True,True,False,False,True,7.763351365237941,1.4000000000000001,0.20615528128088303,True,7.763351365237941
v3_sc0_staging_19,L0,0,1,separate,False,1,False,False,False,False,False,nan,nan,nan,False,7.763351365237941
v3_sc0_staging_19,L0,0,1,joint,False,1,False,False,False,False,False,nan,nan,nan,False,7.763351365237941
v3_sc0_staging_19,L0,0,1,oracle,False,0,False,True,False,False,True,7.763351365237941,1.4000000000000001,0.20615528128088303,True,7.763351365237941
v3_sc0_staging_19,L0,0,2,uncalibrated,False,0,True,True,False,False,True,7.091168824543144,1.4849242404917498,0.20615528128088303,True,7.091168824543144
v3_sc0_staging_19,L0,0,2,label_cell,False,0,False,False,False,False,False,nan,nan,nan,False,7.091168824543144
v3_sc0_staging_19,L0,0,2,geometry,False,0,False,False,False,False,False,nan,nan,nan,False,7.091168824543144
v3_sc0_staging_19,L0,0,2,label_only,False,1,False,False,False,False,False,nan,nan,nan,False,7.091168824543144
v3_sc0_staging_19,L0,0,2,pose_only,False,0,True,True,False,False,True,7.091168824543144,1.4849242404917498,0.20615528128088303,True,7.091168824543144
v3_sc0_staging_19,L0,0,2,separate,False,1,False,False,False,False,False,nan,nan,nan,False,7.091168824543144
v3_sc0_staging_19,L0,0,2,joint,False,1,False,False,False,False,False,nan,nan,nan,False,7.091168824543144
v3_sc0_staging_19,L0,0,2,oracle,False,0,False,True,False,False,True,7.091168824543144,1.4849242404917498,0.20615528128088303,True,7.091168824543144
v3_sc0_staging_19,L0,0,3,uncalibrated,False,0,True,True,False,False,True,5.46776695296637,2.2073740054644118,0.20615528128088303,True,5.46776695296637
v3_sc0_staging_19,L0,0,3,label_cell,False,0,False,False,False,False,False,nan,nan,nan,False,5.46776695296637
v3_sc0_staging_19,L0,0,3,geometry,False,0,False,False,False,False,False,nan,nan,nan,False,5.46776695296637
v3_sc0_staging_19,L0,0,3,label_only,False,1,False,False,False,False,False,nan,nan,nan,False,5.46776695296637
v3_sc0_staging_19,L0,0,3,pose_only,False,0,True,True,False,False,True,5.46776695296637,2.2073740054644118,0.20615528128088303,True,5.46776695296637
v3_sc0_staging_19,L0,0,3,separate,False,1,False,False,False,False,False,nan,nan,nan,False,5.46776695296637
v3_sc0_staging_19,L0,0,3,joint,False,1,False,False,False,False,False,nan,nan,nan,False,5.46776695296637
v3_sc0_staging_19,L0,0,3,oracle,False,0,False,True,False,False,True,5.46776695296637,2.2073740054644118,0.20615528128088303,True,5.46776695296637
v3_sc0_staging_19,L0,0,4,uncalibrated,False,0,True,True,False,False,True,2.9363961030678927,1.7585505395068974,0.21213203435596426,True,2.9363961030678927
v3_sc0_staging_19,L0,0,4,label_cell,False,0,False,False,False,False,False,nan,nan,nan,False,2.9363961030678927
v3_sc0_staging_19,L0,0,4,geometry,False,0,False,False,False,False,False,nan,nan,nan,False,2.9363961030678927
v3_sc0_staging_19,L0,0,4,label_only,False,1,False,False,False,False,False,nan,nan,nan,False,2.9363961030678927
v3_sc0_staging_19,L0,0,4,pose_only,False,0,True,True,False,False,True,2.9363961030678927,1.7585505395068974,0.21213203435596426,True,2.9363961030678927
v3_sc0_staging_19,L0,0,4,separate,False,1,False,False,False,False,False,nan,nan,nan,False,2.9363961030678927
v3_sc0_staging_19,L0,0,4,joint,False,1,False,False,False,False,False,nan,nan,nan,False,2.9363961030678927
v3_sc0_staging_19,L0,0,4,oracle,False,0,False,True,False,False,True,2.9363961030678927,1.7585505395068974,0.21213203435596426,True,2.9363961030678927
v3_sc0_staging_19,L0,0,5,uncalibrated,False,0,True,True,False,False,True,4.977817459305204,2.245551157288562,0.20615528128088303,True,4.977817459305204
v3_sc0_staging_19,L0,0,5,label_cell,False,0,False,False,False,False,False,nan,nan,nan,False,4.977817459305204
v3_sc0_staging_19,L0,0,5,geometry,False,0,False,False,False,False,False,nan,nan,nan,False,4.977817459305204
v3_sc0_staging_19,L0,0,5,label_only,False,1,False,False,False,False,False,nan,nan,nan,False,4.977817459305204
v3_sc0_staging_19,L0,0,5,pose_only,False,0,True,True,False,False,True,4.977817459305204,2.245551157288562,0.20615528128088303,True,4.977817459305204
v3_sc0_staging_19,L0,0,5,separate,False,1,False,False,False,False,False,nan,nan,nan,False,4.977817459305204
v3_sc0_staging_19,L0,0,5,joint,False,1,False,False,False,False,False,nan,nan,nan,False,4.977817459305204
v3_sc0_staging_19,L0,0,5,oracle,False,0,False,True,False,False,True,4.977817459305204,2.245551157288562,0.20615528128088303,True,4.977817459305204
v3_sc0_staging_19,L0,0,6,uncalibrated,False,0,True,True,False,False,True,6.85330085889911,1.8607794065928396,0.20615528128088303,True,6.85330085889911
v3_sc0_staging_19,L0,0,6,label_cell,False,0,False,False,False,False,False,nan,nan,nan,False,6.85330085889911
v3_sc0_staging_19,L0,0,6,geometry,False,0,False,False,False,False,False,nan,nan,nan,False,6.85330085889911
v3_sc0_staging_19,L0,0,6,label_only,False,1,False,False,False,False,False,nan,nan,nan,False,6.85330085889911
v3_sc0_staging_19,L0,0,6,pose_only,False,0,True,True,False,False,True,6.85330085889911,1.8607794065928396,0.20615528128088303,True,6.85330085889911
v3_sc0_staging_19,L0,0,6,separate,False,1,False,False,False,False,False,nan,nan,nan,False,6.85330085889911
v3_sc0_staging_19,L0,0,6,joint,False,1,False,False,False,False,False,nan,nan,nan,False,6.85330085889911
v3_sc0_staging_19,L0,0,6,oracle,False,0,False,True,False,False,True,6.85330085889911,1.8607794065928396,0.20615528128088303,True,6.85330085889911
v3_sc0_staging_19,L0,0,7,uncalibrated,False,0,True,True,False,False,True,9.044112549695429,1.25,0.20615528128088303,True,9.044112549695429
v3_sc0_staging_19,L0,0,7,label_cell,False,0,False,False,False,False,False,nan,nan,nan,False,9.044112549695429
v3_sc0_staging_19,L0,0,7,geometry,False,0,False,False,False,False,False,nan,nan,nan,False,9.044112549695429
v3_sc0_staging_19,L0,0,7,label_only,False,1,False,False,False,False,False,nan,nan,nan,False,9.044112549695429
v3_sc0_staging_19,L0,0,7,pose_only,False,0,True,True,False,False,True,9.044112549695429,1.25,0.20615528128088303,True,9.044112549695429
v3_sc0_staging_19,L0,0,7,separate,False,1,False,False,False,False,False,nan,nan,nan,False,9.044112549695429
v3_sc0_staging_19,L0,0,7,joint,False,1,False,False,False,False,False,nan,nan,nan,False,9.044112549695429
v3_sc0_staging_19,L0,0,7,oracle,False,0,False,True,False,False,True,9.044112549695429,1.25,0.20615528128088303,True,9.044112549695429
v3_sc0_staging_19,L0,0,8,uncalibrated,False,0,True,True,False,False,True,4.1000000000000005,2.0,0.35000000000000003,True,4.1000000000000005
v3_sc0_staging_19,L0,0,8,label_cell,False,0,False,True,False,False,True,4.18284271247462,1.8439088914585775,0.5024937810560445,True,4.1000000000000005
v3_sc0_staging_19,L0,0,8,geometry,False,0,False,True,False,False,True,4.18284271247462,1.8439088914585775,0.5024937810560445,True,4.1000000000000005
v3_sc0_staging_19,L0,0,8,label_only,False,1,False,True,False,False,True,4.18284271247462,1.8439088914585775,0.5024937810560445,True,4.1000000000000005
v3_sc0_staging_19,L0,0,8,pose_only,False,0,True,True,False,False,True,4.1000000000000005,2.0,0.35000000000000003,True,4.1000000000000005
v3_sc0_staging_19,L0,0,8,separate,False,1,False,True,False,False,True,4.18284271247462,1.8439088914585775,0.5024937810560445,True,4.1000000000000005
v3_sc0_staging_19,L0,0,8,joint,False,1,False,True,False,False,True,4.18284271247462,1.8439088914585775,0.5024937810560445,True,4.1000000000000005
v3_sc0_staging_19,L0,0,8,oracle,False,0,False,True,False,False,True,4.1000000000000005,2.0,0.35000000000000003,True,4.1000000000000005
v3_sc0_staging_19,L0,0,9,uncalibrated,False,0,True,True,False,False,True,6.478427124746192,1.3,0.20615528128088303,True,6.478427124746192
v3_sc0_staging_19,L0,0,9,label_cell,False,0,False,False,False,False,False,nan,nan,nan,False,6.478427124746192
v3_sc0_staging_19,L0,0,9,geometry,False,0,False,False,False,False,False,nan,nan,nan,False,6.478427124746192
v3_sc0_staging_19,L0,0,9,label_only,False,1,False,False,False,False,False,nan,nan,nan,False,6.478427124746192
v3_sc0_staging_19,L0,0,9,pose_only,False,0,True,True,False,False,True,6.478427124746192,1.3,0.20615528128088303,True,6.478427124746192
v3_sc0_staging_19,L0,0,9,separate,False,1,False,False,False,False,False,nan,nan,nan,False,6.478427124746192
v3_sc0_staging_19,L0,0,9,joint,False,1,False,False,False,False,False,nan,nan,nan,False,6.478427124746192
v3_sc0_staging_19,L0,0,9,oracle,False,0,False,True,False,False,True,6.478427124746192,1.3,0.20615528128088303,True,6.478427124746192
v3_sc0_staging_19,L0,0,10,uncalibrated,False,0,True,True,False,False,True,7.7725396744416235,1.3793114224133722,0.20615528128088303,True,7.7725396744416235
v3_sc0_staging_19,L0,0,10,label_cell,False,0,False,False,False,False,False,nan,nan,nan,False,7.7725396744416235
v3_sc0_staging_19,L0,0,10,geometry,False,0,False,False,False,False,False,nan,nan,nan,False,7.7725396744416235
v3_sc0_staging_19,L0,0,10,label_only,False,1,False,False,False,False,False,nan,nan,nan,False,7.7725396744416235
v3_sc0_staging_19,L0,0,10,pose_only,False,0,True,True,False,False,True,7.7725396744416235,1.3793114224133722,0.20615528128088303,True,7.7725396744416235
v3_sc0_staging_19,L0,0,10,separate,False,1,False,False,False,False,False,nan,nan,nan,False,7.7725396744416235
v3_sc0_staging_19,L0,0,10,joint,False,1,False,False,False,False,False,nan,nan,nan,False,7.7725396744416235
v3_sc0_staging_19,L0,0,10,oracle,False,0,False,True,False,False,True,7.7725396744416235,1.3793114224133722,0.20615528128088303,True,7.7725396744416235
v3_sc0_staging_19,L0,0,11,uncalibrated,False,0,True,True,False,False,True,10.000357133746821,1.1313708498984762,0.20615528128088303,True,10.000357133746821
v3_sc0_staging_19,L0,0,11,label_cell,False,0,False,False,False,False,False,nan,nan,nan,False,10.000357133746821
v3_sc0_staging_19,L0,0,11,geometry,False,0,False,False,False,False,False,nan,nan,nan,False,10.000357133746821
v3_sc0_staging_19,L0,0,11,label_only,False,1,False,False,False,False,False,nan,nan,nan,False,10.000357133746821
v3_sc0_staging_19,L0,0,11,pose_only,False,0,True,True,False,False,True,10.000357133746821,1.1313708498984762,0.20615528128088303,True,10.000357133746821
v3_sc0_staging_19,L0,0,11,separate,False,1,False,False,False,False,False,nan,nan,nan,False,10.000357133746821
v3_sc0_staging_19,L0,0,11,joint,False,1,False,False,False,False,False,nan,nan,nan,False,10.000357133746821
v3_sc0_staging_19,L0,0,11,oracle,False,0,False,True,False,False,True,10.000357133746821,1.1313708498984762,0.20615528128088303,True,10.000357133746821
v3_sc0_staging_19,L0,0,12,uncalibrated,False,0,True,True,False,False,True,6.353553390593274,1.25,0.25,True,6.353553390593274
v3_sc0_staging_19,L0,0,12,label_cell,False,0,False,False,False,False,False,nan,nan,nan,False,6.353553390593274
v3_sc0_staging_19,L0,0,12,geometry,False,0,False,False,False,False,False,nan,nan,nan,False,6.353553390593274
v3_sc0_staging_19,L0,0,12,label_only,False,1,False,False,False,False,False,nan,nan,nan,False,6.353553390593274
v3_sc0_staging_19,L0,0,12,pose_only,False,0,True,True,False,False,True,6.353553390593274,1.25,0.25,True,6.353553390593274
v3_sc0_staging_19,L0,0,12,separate,False,1,False,False,False,False,False,nan,nan,nan,False,6.353553390593274
v3_sc0_staging_19,L0,0,12,joint,False,1,False,False,False,False,False,nan,nan,nan,False,6.353553390593274
v3_sc0_staging_19,L0,0,12,oracle,False,0,False,True,False,False,True,6.353553390593274,1.25,0.25,True,6.353553390593274
v3_sc0_staging_19,L0,0,13,uncalibrated,False,0,True,True,False,False,True,7.5361435713737315,1.1313708498984762,0.20615528128088303,True,7.5361435713737315
v3_sc0_staging_19,L0,0,13,label_cell,False,0,False,False,False,False,False,nan,nan,nan,False,7.5361435713737315
v3_sc0_staging_19,L0,0,13,geometry,False,0,False,False,False,False,False,nan,nan,nan,False,7.5361435713737315
v3_sc0_staging_19,L0,0,13,label_only,False,1,False,False,False,False,False,nan,nan,nan,False,7.5361435713737315
v3_sc0_staging_19,L0,0,13,pose_only,False,0,True,True,False,False,True,7.5361435713737315,1.1313708498984762,0.20615528128088303,True,7.5361435713737315
v3_sc0_staging_19,L0,0,13,separate,False,1,False,False,False,False,False,nan,nan,nan,False,7.5361435713737315
v3_sc0_staging_19,L0,0,13,joint,False,1,False,False,False,False,False,nan,nan,nan,False,7.5361435713737315
v3_sc0_staging_19,L0,0,13,oracle,False,0,False,True,False,False,True,7.5361435713737315,1.1313708498984762,0.20615528128088303,True,7.5361435713737315
v3_sc0_staging_19,L0,0,14,uncalibrated,False,0,True,True,False,False,True,5.112132034355964,1.35,0.25,True,5.112132034355964
v3_sc0_staging_19,L0,0,14,label_cell,False,0,False,False,False,False,False,nan,nan,nan,False,5.112132034355964
v3_sc0_staging_19,L0,0,14,geometry,False,0,False,False,False,False,False,nan,nan,nan,False,5.112132034355964
v3_sc0_staging_19,L0,0,14,label_only,False,1,False,False,False,False,False,nan,nan,nan,False,5.112132034355964
v3_sc0_staging_19,L0,0,14,pose_only,False,0,True,True,False,False,True,5.112132034355964,1.35,0.25,True,5.112132034355964
v3_sc0_staging_19,L0,0,14,separate,False,1,False,False,False,False,False,nan,nan,nan,False,5.112132034355964
v3_sc0_staging_19,L0,0,14,joint,False,1,False,False,False,False,False,nan,nan,nan,False,5.112132034355964
v3_sc0_staging_19,L0,0,14,oracle,False,0,False,True,False,False,True,5.112132034355964,1.35,0.25,True,5.112132034355964
v3_sc0_staging_19,L0,0,15,uncalibrated,False,0,True,True,False,False,True,3.036396103067893,1.9313207915827968,0.20615528128088303,True,3.036396103067893
v3_sc0_staging_19,L0,0,15,label_cell,False,0,False,False,False,False,False,nan,nan,nan,False,3.036396103067893
v3_sc0_staging_19,L0,0,15,geometry,False,0,False,False,False,False,False,nan,nan,nan,False,3.036396103067893
v3_sc0_staging_19,L0,0,15,label_only,False,1,False,False,False,False,False,nan,nan,nan,False,3.036396103067893
v3_sc0_staging_19,L0,0,15,pose_only,False,0,True,True,False,False,True,3.036396103067893,1.9313207915827968,0.20615528128088303,True,3.036396103067893
v3_sc0_staging_19,L0,0,15,separate,False,1,False,False,False,False,False,nan,nan,nan,False,3.036396103067893
v3_sc0_staging_19,L0,0,15,joint,False,1,False,False,False,False,False,nan,nan,nan,False,3.036396103067893
v3_sc0_staging_19,L0,0,15,oracle,False,0,False,True,False,False,True,3.036396103067893,1.9313207915827968,0.20615528128088303,True,3.036396103067893
v3_sc0_staging_19,L0,0,16,uncalibrated,False,0,True,True,False,False,True,8.88553390593274,1.1313708498984762,0.20615528128088303,True,8.88553390593274
v3_sc0_staging_19,L0,0,16,label_cell,False,0,False,False,False,False,False,nan,nan,nan,False,8.88553390593274
v3_sc0_staging_19,L0,0,16,geometry,False,0,False,False,False,False,False,nan,nan,nan,False,8.88553390593274
v3_sc0_staging_19,L0,0,16,label_only,False,1,False,False,False,False,False,nan,nan,nan,False,8.88553390593274
v3_sc0_staging_19,L0,0,16,pose_only,False,0,True,True,False,False,True,8.88553390593274,1.1313708498984762,0.20615528128088303,True,8.88553390593274
v3_sc0_staging_19,L0,0,16,separate,False,1,False,False,False,False,False,nan,nan,nan,False,8.88553390593274
v3_sc0_staging_19,L0,0,16,joint,False,1,False,False,False,False,False,nan,nan,nan,False,8.88553390593274
v3_sc0_staging_19,L0,0,16,oracle,False,0,False,True,False,False,True,8.88553390593274,1.1313708498984762,0.20615528128088303,True,8.88553390593274
v3_sc0_staging_19,L0,0,17,uncalibrated,False,0,True,True,False,False,True,4.2198484809835,1.6620770138594663,0.20615528128088303,True,4.2198484809835
v3_sc0_staging_19,L0,0,17,label_cell,False,0,False,False,False,False,False,nan,nan,nan,False,4.2198484809835
v3_sc0_staging_19,L0,0,17,geometry,False,0,False,False,False,False,False,nan,nan,nan,False,4.2198484809835
v3_sc0_staging_19,L0,0,17,label_only,False,1,False,False,False,False,False,nan,nan,nan,False,4.2198484809835
v3_sc0_staging_19,L0,0,17,pose_only,False,0,True,True,False,False,True,4.2198484809835,1.6620770138594663,0.20615528128088303,True,4.2198484809835
v3_sc0_staging_19,L0,0,17,separate,False,1,False,False,False,False,False,nan,nan,nan,False,4.2198484809835
v3_sc0_staging_19,L0,0,17,joint,False,1,False,False,False,False,False,nan,nan,nan,False,4.2198484809835
v3_sc0_staging_19,L0,0,17,oracle,False,0,False,True,False,False,True,4.2198484809835,1.6620770138594663,0.20615528128088303,True,4.2198484809835
v3_sc0_staging_19,L0,0,18,uncalibrated,False,0,True,True,False,False,True,4.5455844122715705,2.164486082191336,0.20615528128088303,True,4.5455844122715705
v3_sc0_staging_19,L0,0,18,label_cell,False,0,False,False,False,False,False,nan,nan,nan,False,4.5455844122715705
v3_sc0_staging_19,L0,0,18,geometry,False,0,False,False,False,False,False,nan,nan,nan,False,4.5455844122715705
v3_sc0_staging_19,L0,0,18,label_only,False,1,False,False,False,False,False,nan,nan,nan,False,4.5455844122715705
v3_sc0_staging_19,L0,0,18,pose_only,False,0,True,True,False,False,True,4.5455844122715705,2.164486082191336,0.20615528128088303,True,4.5455844122715705
v3_sc0_staging_19,L0,0,18,separate,False,1,False,False,False,False,False,nan,nan,nan,False,4.5455844122715705
v3_sc0_staging_19,L0,0,18,joint,False,1,False,False,False,False,False,nan,nan,nan,False,4.5455844122715705
v3_sc0_staging_19,L0,0,18,oracle,False,0,False,True,False,False,True,4.5455844122715705,2.164486082191336,0.20615528128088303,True,4.5455844122715705
v3_sc0_staging_19,L0,0,19,uncalibrated,False,0,True,True,False,False,True,6.781370849898477,2.2073740054644118,0.20615528128088303,True,6.781370849898477
v3_sc0_staging_19,L0,0,19,label_cell,False,0,False,False,False,False,False,nan,nan,nan,False,6.781370849898477
v3_sc0_staging_19,L0,0,19,geometry,False,0,False,False,False,False,False,nan,nan,nan,False,6.781370849898477
v3_sc0_staging_19,L0,0,19,label_only,False,1,False,False,False,False,False,nan,nan,nan,False,6.781370849898477
v3_sc0_staging_19,L0,0,19,pose_only,False,0,True,True,False,False,True,6.781370849898477,2.2073740054644118,0.20615528128088303,True,6.781370849898477
v3_sc0_staging_19,L0,0,19,separate,False,1,False,False,False,False,False,nan,nan,nan,False,6.781370849898477
v3_sc0_staging_19,L0,0,19,joint,False,1,False,False,False,False,False,nan,nan,nan,False,6.781370849898477
v3_sc0_staging_19,L0,0,19,oracle,False,0,False,True,False,False,True,6.781370849898477,2.2073740054644118,0.20615528128088303,True,6.781370849898477
v3_sc0_staging_19,L2,0,0,uncalibrated,False,0,True,True,False,False,True,5.0091883092036795,2.2561028345356955,0.20615528128088303,True,4.979898987322334
v3_sc0_staging_19,L2,0,0,label_cell,False,0,False,False,False,False,False,nan,nan,nan,False,4.979898987322334
v3_sc0_staging_19,L2,0,0,geometry,False,0,False,False,False,False,False,nan,nan,nan,False,4.979898987322334
v3_sc0_staging_19,L2,0,0,label_only,False,1,False,False,False,False,False,nan,nan,nan,False,4.979898987322334
v3_sc0_staging_19,L2,0,0,pose_only,False,0,False,True,False,False,True,5.0091883092036795,2.2561028345356955,0.20615528128088303,True,4.979898987322334
v3_sc0_staging_19,L2,0,0,separate,False,1,False,False,False,False,False,nan,nan,nan,False,4.979898987322334
v3_sc0_staging_19,L2,0,0,joint,False,1,False,False,False,False,False,nan,nan,nan,False,4.979898987322334
v3_sc0_staging_19,L2,0,0,oracle,False,0,False,True,False,False,True,4.979898987322334,2.2561028345356955,0.20615528128088303,True,4.979898987322334
v3_sc0_staging_19,L2,0,1,uncalibrated,False,0,True,True,False,False,True,7.7926406871192855,1.4000000000000001,0.20615528128088303,True,7.763351365237941
v3_sc0_staging_19,L2,0,1,label_cell,False,0,False,False,False,False,False,nan,nan,nan,False,7.763351365237941
v3_sc0_staging_19,L2,0,1,geometry,False,0,False,False,False,False,False,nan,nan,nan,False,7.763351365237941
v3_sc0_staging_19,L2,0,1,label_only,False,1,False,False,False,False,False,nan,nan,nan,False,7.763351365237941
v3_sc0_staging_19,L2,0,1,pose_only,False,0,False,True,False,False,True,7.7926406871192855,1.4000000000000001,0.20615528128088303,True,7.763351365237941
v3_sc0_staging_19,L2,0,1,separate,False,1,False,False,False,False,False,nan,nan,nan,False,7.763351365237941
v3_sc0_staging_19,L2,0,1,joint,False,1,False,False,False,False,False,nan,nan,nan,False,7.763351365237941
v3_sc0_staging_19,L2,0,1,oracle,False,0,False,True,False,False,True,7.763351365237941,1.4000000000000001,0.20615528128088303,True,7.763351365237941
v3_sc0_staging_19,L2,0,2,uncalibrated,False,0,True,True,False,False,True,7.091168824543144,1.4849242404917498,0.20615528128088303,True,7.091168824543144
v3_sc0_staging_19,L2,0,2,label_cell,False,0,False,False,False,False,False,nan,nan,nan,False,7.091168824543144
v3_sc0_staging_19,L2,0,2,geometry,False,0,False,False,False,False,False,nan,nan,nan,False,7.091168824543144
v3_sc0_staging_19,L2,0,2,label_only,False,1,False,False,False,False,False,nan,nan,nan,False,7.091168824543144
v3_sc0_staging_19,L2,0,2,pose_only,False,0,False,True,False,False,True,7.091168824543144,1.4849242404917498,0.20615528128088303,True,7.091168824543144
v3_sc0_staging_19,L2,0,2,separate,False,1,False,False,False,False,False,nan,nan,nan,False,7.091168824543144
v3_sc0_staging_19,L2,0,2,joint,False,1,False,False,False,False,False,nan,nan,nan,False,7.091168824543144
v3_sc0_staging_19,L2,0,2,oracle,False,0,False,True,False,False,True,7.091168824543144,1.4849242404917498,0.20615528128088303,True,7.091168824543144
v3_sc0_staging_19,L2,0,3,uncalibrated,False,0,True,True,False,False,True,5.497056274847715,2.2073740054644118,0.20615528128088303,True,5.46776695296637
v3_sc0_staging_19,L2,0,3,label_cell,False,0,False,False,False,False,False,nan,nan,nan,False,5.46776695296637
v3_sc0_staging_19,L2,0,3,geometry,False,0,False,False,False,False,False,nan,nan,nan,False,5.46776695296637
v3_sc0_staging_19,L2,0,3,label_only,False,1,False,False,False,False,False,nan,nan,nan,False,5.46776695296637
v3_sc0_staging_19,L2,0,3,pose_only,False,0,False,True,False,False,True,5.497056274847715,2.2073740054644118,0.20615528128088303,True,5.46776695296637
v3_sc0_staging_19,L2,0,3,separate,False,1,False,False,False,False,False,nan,nan,nan,False,5.46776695296637
v3_sc0_staging_19,L2,0,3,joint,False,1,False,False,False,False,False,nan,nan,nan,False,5.46776695296637
v3_sc0_staging_19,L2,0,3,oracle,False,0,False,True,False,False,True,5.46776695296637,2.2073740054644118,0.20615528128088303,True,5.46776695296637
v3_sc0_staging_19,L2,0,4,uncalibrated,False,0,True,True,False,False,True,2.9363961030678927,1.7585505395068974,0.21213203435596426,True,2.9363961030678927
v3_sc0_staging_19,L2,0,4,label_cell,False,0,False,False,False,False,False,nan,nan,nan,False,2.9363961030678927
v3_sc0_staging_19,L2,0,4,geometry,False,0,False,False,False,False,False,nan,nan,nan,False,2.9363961030678927
v3_sc0_staging_19,L2,0,4,label_only,False,1,False,False,False,False,False,nan,nan,nan,False,2.9363961030678927
v3_sc0_staging_19,L2,0,4,pose_only,False,0,False,True,False,False,True,2.9363961030678927,1.7585505395068974,0.21213203435596426,True,2.9363961030678927
v3_sc0_staging_19,L2,0,4,separate,False,1,False,False,False,False,False,nan,nan,nan,False,2.9363961030678927
v3_sc0_staging_19,L2,0,4,joint,False,1,False,False,False,False,False,nan,nan,nan,False,2.9363961030678927
v3_sc0_staging_19,L2,0,4,oracle,False,0,False,True,False,False,True,2.9363961030678927,1.7585505395068974,0.21213203435596426,True,2.9363961030678927
v3_sc0_staging_19,L2,0,5,uncalibrated,False,0,True,True,False,False,True,4.977817459305204,2.245551157288562,0.20615528128088303,True,4.977817459305204
v3_sc0_staging_19,L2,0,5,label_cell,False,0,False,False,False,False,False,nan,nan,nan,False,4.977817459305204
v3_sc0_staging_19,L2,0,5,geometry,False,0,False,False,False,False,False,nan,nan,nan,False,4.977817459305204
v3_sc0_staging_19,L2,0,5,label_only,False,1,False,False,False,False,False,nan,nan,nan,False,4.977817459305204
v3_sc0_staging_19,L2,0,5,pose_only,False,0,False,True,False,False,True,4.977817459305204,2.245551157288562,0.20615528128088303,True,4.977817459305204
v3_sc0_staging_19,L2,0,5,separate,False,1,False,False,False,False,False,nan,nan,nan,False,4.977817459305204
v3_sc0_staging_19,L2,0,5,joint,False,1,False,False,False,False,False,nan,nan,nan,False,4.977817459305204
v3_sc0_staging_19,L2,0,5,oracle,False,0,False,True,False,False,True,4.977817459305204,2.245551157288562,0.20615528128088303,True,4.977817459305204
v3_sc0_staging_19,L2,0,6,uncalibrated,False,0,True,True,False,False,True,6.911879502661802,1.9006577808748213,0.20615528128088303,True,6.85330085889911
v3_sc0_staging_19,L2,0,6,label_cell,False,0,False,False,False,False,False,nan,nan,nan,False,6.85330085889911
v3_sc0_staging_19,L2,0,6,geometry,False,0,False,False,False,False,False,nan,nan,nan,False,6.85330085889911
v3_sc0_staging_19,L2,0,6,label_only,False,1,False,False,False,False,False,nan,nan,nan,False,6.85330085889911
v3_sc0_staging_19,L2,0,6,pose_only,False,0,False,True,False,False,True,6.911879502661802,1.9006577808748213,0.20615528128088303,True,6.85330085889911
v3_sc0_staging_19,L2,0,6,separate,False,1,False,False,False,False,False,nan,nan,nan,False,6.85330085889911
v3_sc0_staging_19,L2,0,6,joint,False,1,False,False,False,False,False,nan,nan,nan,False,6.85330085889911
v3_sc0_staging_19,L2,0,6,oracle,False,0,False,True,False,False,True,6.85330085889911,1.8607794065928396,0.20615528128088303,True,6.85330085889911
v3_sc0_staging_19,L2,0,7,uncalibrated,False,0,True,True,False,False,True,9.044112549695429,1.25,0.20615528128088303,True,9.044112549695429
v3_sc0_staging_19,L2,0,7,label_cell,False,0,False,False,False,False,False,nan,nan,nan,False,9.044112549695429
v3_sc0_staging_19,L2,0,7,geometry,False,0,False,False,False,False,False,nan,nan,nan,False,9.044112549695429
v3_sc0_staging_19,L2,0,7,label_only,False,1,False,False,False,False,False,nan,nan,nan,False,9.044112549695429
v3_sc0_staging_19,L2,0,7,pose_only,False,0,False,True,False,False,True,9.044112549695429,1.25,0.20615528128088303,True,9.044112549695429
v3_sc0_staging_19,L2,0,7,separate,False,1,False,False,False,False,False,nan,nan,nan,False,9.044112549695429
v3_sc0_staging_19,L2,0,7,joint,False,1,False,False,False,False,False,nan,nan,nan,False,9.044112549695429
v3_sc0_staging_19,L2,0,7,oracle,False,0,False,True,False,False,True,9.044112549695429,1.25,0.20615528128088303,True,9.044112549695429
v3_sc0_staging_19,L2,0,8,uncalibrated,False,0,True,True,False,False,True,4.1000000000000005,2.0,0.35000000000000003,True,4.1000000000000005
v3_sc0_staging_19,L2,0,8,label_cell,False,0,False,True,False,False,True,4.203553390593274,1.75,0.6000000000000001,True,4.1000000000000005
v3_sc0_staging_19,L2,0,8,geometry,False,0,False,True,False,False,True,4.436396103067893,1.6492422502470643,0.6946221994724903,True,4.1000000000000005
v3_sc0_staging_19,L2,0,8,label_only,False,1,False,True,False,False,True,4.436396103067893,1.6492422502470643,0.6946221994724903,True,4.1000000000000005
v3_sc0_staging_19,L2,0,8,pose_only,False,0,False,True,False,False,True,4.1000000000000005,2.0,0.35000000000000003,True,4.1000000000000005
v3_sc0_staging_19,L2,0,8,separate,False,1,False,True,False,False,True,4.436396103067893,1.6492422502470643,0.6946221994724903,True,4.1000000000000005
v3_sc0_staging_19,L2,0,8,joint,False,1,False,True,False,False,True,4.436396103067893,1.6492422502470643,0.6946221994724903,True,4.1000000000000005
v3_sc0_staging_19,L2,0,8,oracle,False,0,False,True,False,False,True,4.1000000000000005,2.0,0.35000000000000003,True,4.1000000000000005
v3_sc0_staging_19,L2,0,9,uncalibrated,False,0,True,True,False,False,True,6.478427124746192,1.3,0.20615528128088303,True,6.478427124746192
v3_sc0_staging_19,L2,0,9,label_cell,False,0,False,False,False,False,False,nan,nan,nan,False,6.478427124746192
v3_sc0_staging_19,L2,0,9,geometry,False,0,False,False,False,False,False,nan,nan,nan,False,6.478427124746192
v3_sc0_staging_19,L2,0,9,label_only,False,1,False,False,False,False,False,nan,nan,nan,False,6.478427124746192
v3_sc0_staging_19,L2,0,9,pose_only,False,0,False,True,False,False,True,6.478427124746192,1.3,0.20615528128088303,True,6.478427124746192
v3_sc0_staging_19,L2,0,9,separate,False,1,False,False,False,False,False,nan,nan,nan,False,6.478427124746192
v3_sc0_staging_19,L2,0,9,joint,False,1,False,False,False,False,False,nan,nan,nan,False,6.478427124746192
v3_sc0_staging_19,L2,0,9,oracle,False,0,False,True,False,False,True,6.478427124746192,1.3,0.20615528128088303,True,6.478427124746192
v3_sc0_staging_19,L2,0,10,uncalibrated,False,0,True,True,False,False,True,7.831118318204311,1.3793114224133722,0.20615528128088303,True,7.7725396744416235
v3_sc0_staging_19,L2,0,10,label_cell,False,0,False,False,False,False,False,nan,nan,nan,False,7.7725396744416235
v3_sc0_staging_19,L2,0,10,geometry,False,0,False,False,False,False,False,nan,nan,nan,False,7.7725396744416235
v3_sc0_staging_19,L2,0,10,label_only,False,1,False,False,False,False,False,nan,nan,nan,False,7.7725396744416235
v3_sc0_staging_19,L2,0,10,pose_only,False,0,False,True,False,False,True,7.831118318204311,1.3793114224133722,0.20615528128088303,True,7.7725396744416235
v3_sc0_staging_19,L2,0,10,separate,False,1,False,False,False,False,False,nan,nan,nan,False,7.7725396744416235
v3_sc0_staging_19,L2,0,10,joint,False,1,False,False,False,False,False,nan,nan,nan,False,7.7725396744416235
v3_sc0_staging_19,L2,0,10,oracle,False,0,False,True,False,False,True,7.7725396744416235,1.3793114224133722,0.20615528128088303,True,7.7725396744416235
v3_sc0_staging_19,L2,0,11,uncalibrated,False,0,True,True,False,False,True,10.058935777509513,1.1313708498984762,0.18027756377319948,True,10.000357133746821
v3_sc0_staging_19,L2,0,11,label_cell,False,0,False,False,False,False,False,nan,nan,nan,False,10.000357133746821
v3_sc0_staging_19,L2,0,11,geometry,False,0,False,False,False,False,False,nan,nan,nan,False,10.000357133746821
v3_sc0_staging_19,L2,0,11,label_only,False,1,False,False,False,False,False,nan,nan,nan,False,10.000357133746821
v3_sc0_staging_19,L2,0,11,pose_only,False,0,False,True,False,False,True,10.058935777509513,1.1313708498984762,0.18027756377319948,True,10.000357133746821
v3_sc0_staging_19,L2,0,11,separate,False,1,False,False,False,False,False,nan,nan,nan,False,10.000357133746821
v3_sc0_staging_19,L2,0,11,joint,False,1,False,False,False,False,False,nan,nan,nan,False,10.000357133746821
v3_sc0_staging_19,L2,0,11,oracle,False,0,False,True,False,False,True,10.000357133746821,1.1313708498984762,0.20615528128088303,True,10.000357133746821
v3_sc0_staging_19,L2,0,12,uncalibrated,False,0,True,True,False,False,True,6.312132034355964,1.1704699910719627,0.18027756377319948,True,6.353553390593274
v3_sc0_staging_19,L2,0,12,label_cell,False,0,False,False,False,False,False,nan,nan,nan,False,6.353553390593274
v3_sc0_staging_19,L2,0,12,geometry,False,0,False,False,False,False,False,nan,nan,nan,False,6.353553390593274
v3_sc0_staging_19,L2,0,12,label_only,False,1,False,False,False,False,False,nan,nan,nan,False,6.353553390593274
v3_sc0_staging_19,L2,0,12,pose_only,False,0,False,True,False,False,True,6.312132034355964,1.1704699910719627,0.18027756377319948,True,6.353553390593274
v3_sc0_staging_19,L2,0,12,separate,False,1,False,False,False,False,False,nan,nan,nan,False,6.353553390593274
v3_sc0_staging_19,L2,0,12,joint,False,1,False,False,False,False,False,nan,nan,nan,False,6.353553390593274
v3_sc0_staging_19,L2,0,12,oracle,False,0,False,True,False,False,True,6.353553390593274,1.25,0.25,True,6.353553390593274
v3_sc0_staging_19,L2,0,13,uncalibrated,False,0,True,True,False,False,True,7.565432893255076,1.1313708498984762,0.18027756377319948,True,7.5361435713737315
v3_sc0_staging_19,L2,0,13,label_cell,False,0,False,False,False,False,False,nan,nan,nan,False,7.5361435713737315
v3_sc0_staging_19,L2,0,13,geometry,False,0,False,False,False,False,False,nan,nan,nan,False,7.5361435713737315
v3_sc0_staging_19,L2,0,13,label_only,False,1,False,False,False,False,False,nan,nan,nan,False,7.5361435713737315
v3_sc0_staging_19,L2,0,13,pose_only,False,0,False,True,False,False,True,7.565432893255076,1.1313708498984762,0.18027756377319948,True,7.5361435713737315
v3_sc0_staging_19,L2,0,13,separate,False,1,False,False,False,False,False,nan,nan,nan,False,7.5361435713737315
v3_sc0_staging_19,L2,0,13,joint,False,1,False,False,False,False,False,nan,nan,nan,False,7.5361435713737315
v3_sc0_staging_19,L2,0,13,oracle,False,0,False,True,False,False,True,7.5361435713737315,1.1313708498984762,0.20615528128088303,True,7.5361435713737315
v3_sc0_staging_19,L2,0,14,uncalibrated,False,0,True,True,False,False,True,5.112132034355964,1.35,0.25,True,5.112132034355964
v3_sc0_staging_19,L2,0,14,label_cell,False,0,False,False,False,False,False,nan,nan,nan,False,5.112132034355964
v3_sc0_staging_19,L2,0,14,geometry,False,0,False,False,False,False,False,nan,nan,nan,False,5.112132034355964
v3_sc0_staging_19,L2,0,14,label_only,False,1,False,False,False,False,False,nan,nan,nan,False,5.112132034355964
v3_sc0_staging_19,L2,0,14,pose_only,False,0,False,True,False,False,True,5.112132034355964,1.35,0.25,True,5.112132034355964
v3_sc0_staging_19,L2,0,14,separate,False,1,False,False,False,False,False,nan,nan,nan,False,5.112132034355964
v3_sc0_staging_19,L2,0,14,joint,False,1,False,False,False,False,False,nan,nan,nan,False,5.112132034355964
v3_sc0_staging_19,L2,0,14,oracle,False,0,False,True,False,False,True,5.112132034355964,1.35,0.25,True,5.112132034355964
v3_sc0_staging_19,L2,0,15,uncalibrated,False,0,True,True,False,False,True,3.036396103067893,1.9313207915827968,0.18027756377319948,True,3.036396103067893
v3_sc0_staging_19,L2,0,15,label_cell,False,0,False,False,False,False,False,nan,nan,nan,False,3.036396103067893
v3_sc0_staging_19,L2,0,15,geometry,False,0,False,False,False,False,False,nan,nan,nan,False,3.036396103067893
v3_sc0_staging_19,L2,0,15,label_only,False,1,False,False,False,False,False,nan,nan,nan,False,3.036396103067893
v3_sc0_staging_19,L2,0,15,pose_only,False,0,False,True,False,False,True,3.036396103067893,1.9313207915827968,0.18027756377319948,True,3.036396103067893
v3_sc0_staging_19,L2,0,15,separate,False,1,False,False,False,False,False,nan,nan,nan,False,3.036396103067893
v3_sc0_staging_19,L2,0,15,joint,False,1,False,False,False,False,False,nan,nan,nan,False,3.036396103067893
v3_sc0_staging_19,L2,0,15,oracle,False,0,False,True,False,False,True,3.036396103067893,1.9313207915827968,0.20615528128088303,True,3.036396103067893
v3_sc0_staging_19,L2,0,16,uncalibrated,False,0,True,True,False,False,True,8.864823227814083,1.1313708498984762,0.18027756377319948,True,8.88553390593274
v3_sc0_staging_19,L2,0,16,label_cell,False,0,False,False,False,False,False,nan,nan,nan,False,8.88553390593274
v3_sc0_staging_19,L2,0,16,geometry,False,0,False,False,False,False,False,nan,nan,nan,False,8.88553390593274
v3_sc0_staging_19,L2,0,16,label_only,False,1,False,False,False,False,False,nan,nan,nan,False,8.88553390593274
v3_sc0_staging_19,L2,0,16,pose_only,False,0,False,True,False,False,True,8.864823227814083,1.1313708498984762,0.18027756377319948,True,8.88553390593274
v3_sc0_staging_19,L2,0,16,separate,False,1,False,False,False,False,False,nan,nan,nan,False,8.88553390593274
v3_sc0_staging_19,L2,0,16,joint,False,1,False,False,False,False,False,nan,nan,nan,False,8.88553390593274
v3_sc0_staging_19,L2,0,16,oracle,False,0,False,True,False,False,True,8.88553390593274,1.1313708498984762,0.20615528128088303,True,8.88553390593274
v3_sc0_staging_19,L2,0,17,uncalibrated,False,0,True,True,False,False,True,4.249137802864845,1.6620770138594663,0.223606797749979,True,4.2198484809835
v3_sc0_staging_19,L2,0,17,label_cell,False,0,False,False,False,False,False,nan,nan,nan,False,4.2198484809835
v3_sc0_staging_19,L2,0,17,geometry,False,0,False,False,False,False,False,nan,nan,nan,False,4.2198484809835
v3_sc0_staging_19,L2,0,17,label_only,False,1,False,False,False,False,False,nan,nan,nan,False,4.2198484809835
v3_sc0_staging_19,L2,0,17,pose_only,False,0,False,True,False,False,True,4.249137802864845,1.6620770138594663,0.223606797749979,True,4.2198484809835
v3_sc0_staging_19,L2,0,17,separate,False,1,False,False,False,False,False,nan,nan,nan,False,4.2198484809835
v3_sc0_staging_19,L2,0,17,joint,False,1,False,False,False,False,False,nan,nan,nan,False,4.2198484809835
v3_sc0_staging_19,L2,0,17,oracle,False,0,False,True,False,False,True,4.2198484809835,1.6620770138594663,0.20615528128088303,True,4.2198484809835
v3_sc0_staging_19,L2,0,18,uncalibrated,False,0,True,True,False,False,True,4.5455844122715705,2.164486082191336,0.20615528128088303,True,4.5455844122715705
v3_sc0_staging_19,L2,0,18,label_cell,False,0,False,False,False,False,False,nan,nan,nan,False,4.5455844122715705
v3_sc0_staging_19,L2,0,18,geometry,False,0,False,False,False,False,False,nan,nan,nan,False,4.5455844122715705
v3_sc0_staging_19,L2,0,18,label_only,False,1,False,False,False,False,False,nan,nan,nan,False,4.5455844122715705
v3_sc0_staging_19,L2,0,18,pose_only,False,0,False,True,False,False,True,4.5455844122715705,2.164486082191336,0.20615528128088303,True,4.5455844122715705
v3_sc0_staging_19,L2,0,18,separate,False,1,False,False,False,False,False,nan,nan,nan,False,4.5455844122715705
v3_sc0_staging_19,L2,0,18,joint,False,1,False,False,False,False,False,nan,nan,nan,False,4.5455844122715705
v3_sc0_staging_19,L2,0,18,oracle,False,0,False,True,False,False,True,4.5455844122715705,2.164486082191336,0.20615528128088303,True,4.5455844122715705
v3_sc0_staging_19,L2,0,19,uncalibrated,False,0,True,True,False,False,True,6.781370849898477,2.2073740054644118,0.20615528128088303,True,6.781370849898477
v3_sc0_staging_19,L2,0,19,label_cell,False,0,False,False,False,False,False,nan,nan,nan,False,6.781370849898477
v3_sc0_staging_19,L2,0,19,geometry,False,0,False,False,False,False,False,nan,nan,nan,False,6.781370849898477
v3_sc0_staging_19,L2,0,19,label_only,False,1,False,False,False,False,False,nan,nan,nan,False,6.781370849898477
v3_sc0_staging_19,L2,0,19,pose_only,False,0,False,True,False,False,True,6.781370849898477,2.2073740054644118,0.20615528128088303,True,6.781370849898477
v3_sc0_staging_19,L2,0,19,separate,False,1,False,False,False,False,False,nan,nan,nan,False,6.781370849898477
v3_sc0_staging_19,L2,0,19,joint,False,1,False,False,False,False,False,nan,nan,nan,False,6.781370849898477
v3_sc0_staging_19,L2,0,19,oracle,False,0,False,True,False,False,True,6.781370849898477,2.2073740054644118,0.20615528128088303,True,6.781370849898477
v3_sc0_staging_19,L2,1,0,uncalibrated,False,0,True,True,False,False,True,5.050609665440988,2.2561028345356955,0.20615528128088303,True,5.050609665440988
v3_sc0_staging_19,L2,1,0,label_cell,False,0,True,False,False,False,False,nan,nan,nan,False,5.050609665440988
v3_sc0_staging_19,L2,1,0,geometry,False,0,False,False,False,False,False,nan,nan,nan,False,5.050609665440988
v3_sc0_staging_19,L2,1,0,label_only,False,1,False,False,False,False,False,nan,nan,nan,False,5.050609665440988
v3_sc0_staging_19,L2,1,0,pose_only,False,0,True,True,False,False,True,5.050609665440988,2.2561028345356955,0.20615528128088303,True,5.050609665440988
v3_sc0_staging_19,L2,1,0,separate,False,1,False,False,False,False,False,nan,nan,nan,False,5.050609665440988
v3_sc0_staging_19,L2,1,0,joint,False,1,False,False,False,False,False,nan,nan,nan,False,5.050609665440988
v3_sc0_staging_19,L2,1,0,oracle,False,0,False,True,False,False,True,5.050609665440988,2.2561028345356955,0.20615528128088303,True,5.050609665440988
v3_sc0_staging_19,L2,1,1,uncalibrated,False,0,True,True,False,False,True,7.834062043356596,1.4500000000000002,0.20615528128088303,True,7.834062043356596
v3_sc0_staging_19,L2,1,1,label_cell,False,0,True,False,False,False,False,nan,nan,nan,False,7.834062043356596
v3_sc0_staging_19,L2,1,1,geometry,False,0,False,False,False,False,False,nan,nan,nan,False,7.834062043356596
v3_sc0_staging_19,L2,1,1,label_only,False,1,False,False,False,False,False,nan,nan,nan,False,7.834062043356596
v3_sc0_staging_19,L2,1,1,pose_only,False,0,True,True,False,False,True,7.834062043356596,1.4500000000000002,0.20615528128088303,True,7.834062043356596
v3_sc0_staging_19,L2,1,1,separate,False,1,False,False,False,False,False,nan,nan,nan,False,7.834062043356596
v3_sc0_staging_19,L2,1,1,joint,False,1,False,False,False,False,False,nan,nan,nan,False,7.834062043356596
v3_sc0_staging_19,L2,1,1,oracle,False,0,False,True,False,False,True,7.834062043356596,1.4500000000000002,0.20615528128088303,True,7.834062043356596
v3_sc0_staging_19,L2,1,2,uncalibrated,False,0,True,True,False,False,True,7.061879502661802,1.520690632574555,0.20615528128088303,True,7.061879502661802
v3_sc0_staging_19,L2,1,2,label_cell,False,0,True,False,False,False,False,nan,nan,nan,False,7.061879502661802
v3_sc0_staging_19,L2,1,2,geometry,False,0,False,False,False,False,False,nan,nan,nan,False,7.061879502661802
v3_sc0_staging_19,L2,1,2,label_only,False,1,False,False,False,False,False,nan,nan,nan,False,7.061879502661802
v3_sc0_staging_19,L2,1,2,pose_only,False,0,True,True,False,False,True,7.061879502661802,1.520690632574555,0.20615528128088303,True,7.061879502661802
v3_sc0_staging_19,L2,1,2,separate,False,1,False,False,False,False,False,nan,nan,nan,False,7.061879502661802
v3_sc0_staging_19,L2,1,2,joint,False,1,False,False,False,False,False,nan,nan,nan,False,7.061879502661802
v3_sc0_staging_19,L2,1,2,oracle,False,0,False,True,False,False,True,7.061879502661802,1.520690632574555,0.20615528128088303,True,7.061879502661802
v3_sc0_staging_19,L2,1,3,uncalibrated,False,0,True,True,False,False,True,5.5384776310850246,2.170829334609241,0.20615528128088303,True,5.538477631085024
v3_sc0_staging_19,L2,1,3,label_cell,False,0,True,False,False,False,False,nan,nan,nan,False,5.538477631085024
v3_sc0_staging_19,L2,1,3,geometry,False,0,False,False,False,False,False,nan,nan,nan,False,5.538477631085024
v3_sc0_staging_19,L2,1,3,label_only,False,1,False,False,False,False,False,nan,nan,nan,False,5.538477631085024
v3_sc0_staging_19,L2,1,3,pose_only,False,0,True,True,False,False,True,5.5384776310850246,2.170829334609241,0.20615528128088303,True,5.538477631085024
v3_sc0_staging_19,L2,1,3,separate,False,1,False,False,False,False,False,nan,nan,nan,False,5.538477631085024
v3_sc0_staging_19,L2,1,3,joint,False,1,False,False,False,False,False,nan,nan,nan,False,5.538477631085024
v3_sc0_staging_19,L2,1,3,oracle,False,0,False,True,False,False,True,5.538477631085024,2.170829334609241,0.20615528128088303,True,5.538477631085024
v3_sc0_staging_19,L2,1,4,uncalibrated,False,0,True,True,False,False,True,2.9156854249492383,1.7585505395068974,0.21213203435596426,True,2.9156854249492383
v3_sc0_staging_19,L2,1,4,label_cell,False,0,True,False,False,False,False,nan,nan,nan,False,2.9156854249492383
v3_sc0_staging_19,L2,1,4,geometry,False,0,False,False,False,False,False,nan,nan,nan,False,2.9156854249492383
v3_sc0_staging_19,L2,1,4,label_only,False,1,False,False,False,False,False,nan,nan,nan,False,2.9156854249492383
v3_sc0_staging_19,L2,1,4,pose_only,False,0,True,True,False,False,True,2.9156854249492383,1.7585505395068974,0.21213203435596426,True,2.9156854249492383
v3_sc0_staging_19,L2,1,4,separate,False,1,False,False,False,False,False,nan,nan,nan,False,2.9156854249492383
v3_sc0_staging_19,L2,1,4,joint,False,1,False,False,False,False,False,nan,nan,nan,False,2.9156854249492383
v3_sc0_staging_19,L2,1,4,oracle,False,0,False,True,False,False,True,2.9156854249492383,1.7585505395068974,0.21213203435596426,True,2.9156854249492383
v3_sc0_staging_19,L2,1,5,uncalibrated,False,0,True,True,False,False,True,4.957106781186548,2.245551157288562,0.20615528128088303,True,4.957106781186548
v3_sc0_staging_19,L2,1,5,label_cell,False,0,True,False,False,False,False,nan,nan,nan,False,4.957106781186548
v3_sc0_staging_19,L2,1,5,geometry,False,0,False,False,False,False,False,nan,nan,nan,False,4.957106781186548
v3_sc0_staging_19,L2,1,5,label_only,False,1,False,False,False,False,False,nan,nan,nan,False,4.957106781186548
v3_sc0_staging_19,L2,1,5,pose_only,False,0,True,True,False,False,True,4.957106781186548,2.245551157288562,0.20615528128088303,True,4.957106781186548
v3_sc0_staging_19,L2,1,5,separate,False,1,False,False,False,False,False,nan,nan,nan,False,4.957106781186548
v3_sc0_staging_19,L2,1,5,joint,False,1,False,False,False,False,False,nan,nan,nan,False,4.957106781186548
v3_sc0_staging_19,L2,1,5,oracle,False,0,False,True,False,False,True,4.957106781186548,2.245551157288562,0.20615528128088303,True,4.957106781186548
v3_sc0_staging_19,L2,1,6,uncalibrated,False,0,True,True,False,False,True,6.882590180780454,1.8607794065928396,0.20615528128088303,True,6.882590180780454
v3_sc0_staging_19,L2,1,6,label_cell,False,0,True,False,False,False,False,nan,nan,nan,False,6.882590180780454
v3_sc0_staging_19,L2,1,6,geometry,False,0,False,False,False,False,False,nan,nan,nan,False,6.882590180780454
v3_sc0_staging_19,L2,1,6,label_only,False,1,False,False,False,False,False,nan,nan,nan,False,6.882590180780454
v3_sc0_staging_19,L2,1,6,pose_only,False,0,True,True,False,False,True,6.882590180780454,1.8607794065928396,0.20615528128088303,True,6.882590180780454
v3_sc0_staging_19,L2,1,6,separate,False,1,False,False,False,False,False,nan,nan,nan,False,6.882590180780454
v3_sc0_staging_19,L2,1,6,joint,False,1,False,False,False,False,False,nan,nan,nan,False,6.882590180780454
v3_sc0_staging_19,L2,1,6,oracle,False,0,False,True,False,False,True,6.882590180780454,1.8607794065928396,0.20615528128088303,True,6.882590180780454
v3_sc0_staging_19,L2,1,7,uncalibrated,False,0,True,True,False,False,True,9.014823227814082,1.3,0.20615528128088303,True,9.014823227814082
v3_sc0_staging_19,L2,1,7,label_cell,False,0,True,False,False,False,False,nan,nan,nan,False,9.014823227814082
v3_sc0_staging_19,L2,1,7,geometry,False,0,False,False,False,False,False,nan,nan,nan,False,9.014823227814082
v3_sc0_staging_19,L2,1,7,label_only,False,1,False,False,False,False,False,nan,nan,nan,False,9.014823227814082
v3_sc0_staging_19,L2,1,7,pose_only,False,0,True,True,False,False,True,9.014823227814082,1.3,0.20615528128088303,True,9.014823227814082
v3_sc0_staging_19,L2,1,7,separate,False,1,False,False,False,False,False,nan,nan,nan,False,9.014823227814082
v3_sc0_staging_19,L2,1,7,joint,False,1,False,False,False,False,False,nan,nan,nan,False,9.014823227814082
v3_sc0_staging_19,L2,1,7,oracle,False,0,False,True,False,False,True,9.014823227814082,1.3,0.20615528128088303,True,9.014823227814082
v3_sc0_staging_19,L2,1,8,uncalibrated,False,0,True,True,False,False,True,4.1000000000000005,1.9500000000000002,0.35000000000000003,True,4.1000000000000005
v3_sc0_staging_19,L2,1,8,label_cell,False,0,True,True,False,False,True,4.18284271247462,1.795132307101624,0.5024937810560445,True,4.1000000000000005
v3_sc0_staging_19,L2,1,8,geometry,False,0,False,True,False,False,True,4.365685424949238,1.6492422502470643,0.651920240520265,True,4.1000000000000005
v3_sc0_staging_19,L2,1,8,label_only,False,1,False,True,False,False,True,4.365685424949238,1.6492422502470643,0.651920240520265,True,4.1000000000000005
v3_sc0_staging_19,L2,1,8,pose_only,False,0,True,True,False,False,True,4.1000000000000005,1.9500000000000002,0.35000000000000003,True,4.1000000000000005
v3_sc0_staging_19,L2,1,8,separate,False,1,False,True,False,False,True,4.365685424949238,1.6492422502470643,0.651920240520265,True,4.1000000000000005
v3_sc0_staging_19,L2,1,8,joint,False,1,False,True,False,False,True,4.365685424949238,1.6492422502470643,0.651920240520265,True,4.1000000000000005
v3_sc0_staging_19,L2,1,8,oracle,False,0,False,True,False,False,True,4.1000000000000005,1.9500000000000002,0.35000000000000003,True,4.1000000000000005
v3_sc0_staging_19,L2,1,9,uncalibrated,False,0,True,True,False,False,True,6.478427124746192,1.35,0.20615528128088303,True,6.478427124746192
v3_sc0_staging_19,L2,1,9,label_cell,False,0,True,False,False,False,False,nan,nan,nan,False,6.478427124746192
v3_sc0_staging_19,L2,1,9,geometry,False,0,False,False,False,False,False,nan,nan,nan,False,6.478427124746192
v3_sc0_staging_19,L2,1,9,label_only,False,1,False,False,False,False,False,nan,nan,nan,False,6.478427124746192
v3_sc0_staging_19,L2,1,9,pose_only,False,0,True,True,False,False,True,6.478427124746192,1.35,0.20615528128088303,True,6.478427124746192
v3_sc0_staging_19,L2,1,9,separate,False,1,False,False,False,False,False,nan,nan,nan,False,6.478427124746192
v3_sc0_staging_19,L2,1,9,joint,False,1,False,False,False,False,False,nan,nan,nan,False,6.478427124746192
v3_sc0_staging_19,L2,1,9,oracle,False,0,False,True,False,False,True,6.478427124746192,1.35,0.20615528128088303,True,6.478427124746192
v3_sc0_staging_19,L2,1,10,uncalibrated,False,0,True,True,False,False,True,7.7725396744416235,1.4142135623730951,0.20615528128088303,True,7.7725396744416235
v3_sc0_staging_19,L2,1,10,label_cell,False,0,True,False,False,False,False,nan,nan,nan,False,7.7725396744416235
v3_sc0_staging_19,L2,1,10,geometry,False,0,False,False,False,False,False,nan,nan,nan,False,7.7725396744416235
v3_sc0_staging_19,L2,1,10,label_only,False,1,False,False,False,False,False,nan,nan,nan,False,7.7725396744416235
v3_sc0_staging_19,L2,1,10,pose_only,False,0,True,True,False,False,True,7.7725396744416235,1.4142135623730951,0.20615528128088303,True,7.7725396744416235
v3_sc0_staging_19,L2,1,10,separate,False,1,False,False,False,False,False,nan,nan,nan,False,7.7725396744416235
v3_sc0_staging_19,L2,1,10,joint,False,1,False,False,False,False,False,nan,nan,nan,False,7.7725396744416235
v3_sc0_staging_19,L2,1,10,oracle,False,0,False,True,False,False,True,7.7725396744416235,1.4142135623730951,0.20615528128088303,True,7.7725396744416235
v3_sc0_staging_19,L2,1,11,uncalibrated,False,0,True,True,False,False,True,10.021067811865477,1.2020815280171309,0.20615528128088303,True,10.021067811865477
v3_sc0_staging_19,L2,1,11,label_cell,False,0,True,False,False,False,False,nan,nan,nan,False,10.021067811865477
v3_sc0_staging_19,L2,1,11,geometry,False,0,False,False,False,False,False,nan,nan,nan,False,10.021067811865477
v3_sc0_staging_19,L2,1,11,label_only,False,1,False,False,False,False,False,nan,nan,nan,False,10.021067811865477
v3_sc0_staging_19,L2,1,11,pose_only,False,0,True,True,False,False,True,10.021067811865477,1.2020815280171309,0.20615528128088303,True,10.021067811865477
v3_sc0_staging_19,L2,1,11,separate,False,1,False,False,False,False,False,nan,nan,nan,False,10.021067811865477
v3_sc0_staging_19,L2,1,11,joint,False,1,False,False,False,False,False,nan,nan,nan,False,10.021067811865477
v3_sc0_staging_19,L2,1,11,oracle,False,0,False,True,False,False,True,10.021067811865477,1.1672617529928753,0.20615528128088303,True,10.021067811865477
v3_sc0_staging_19,L2,1,12,uncalibrated,False,0,True,True,False,False,True,6.332842712474619,1.25,0.25,True,6.332842712474619
v3_sc0_staging_19,L2,1,12,label_cell,False,0,True,False,False,False,False,nan,nan,nan,False,6.332842712474619
v3_sc0_staging_19,L2,1,12,geometry,False,0,False,False,False,False,False,nan,nan,nan,False,6.332842712474619
v3_sc0_staging_19,L2,1,12,label_only,False,1,False,False,False,False,False,nan,nan,nan,False,6.332842712474619
v3_sc0_staging_19,L2,1,12,pose_only,False,0,True,True,False,False,True,6.332842712474619,1.25,0.25,True,6.332842712474619
v3_sc0_staging_19,L2,1,12,separate,False,1,False,False,False,False,False,nan,nan,nan,False,6.332842712474619
v3_sc0_staging_19,L2,1,12,joint,False,1,False,False,False,False,False,nan,nan,nan,False,6.332842712474619
v3_sc0_staging_19,L2,1,12,oracle,False,0,False,True,False,False,True,6.332842712474619,1.25,0.25,True,6.332842712474619
v3_sc0_staging_19,L2,1,13,uncalibrated,False,0,True,True,False,False,True,7.606854249492385,1.2020815280171309,0.20615528128088303,True,7.606854249492386
v3_sc0_staging_19,L2,1,13,label_cell,False,0,True,False,False,False,False,nan,nan,nan,False,7.606854249492386
v3_sc0_staging_19,L2,1,13,geometry,False,0,False,False,False,False,False,nan,nan,nan,False,7.606854249492386
v3_sc0_staging_19,L2,1,13,label_only,False,1,False,False,False,False,False,nan,nan,nan,False,7.606854249492386
v3_sc0_staging_19,L2,1,13,pose_only,False,0,True,True,False,False,True,7.606854249492385,1.2020815280171309,0.20615528128088303,True,7.606854249492386
v3_sc0_staging_19,L2,1,13,separate,False,1,False,False,False,False,False,nan,nan,nan,False,7.606854249492386
v3_sc0_staging_19,L2,1,13,joint,False,1,False,False,False,False,False,nan,nan,nan,False,7.606854249492386
v3_sc0_staging_19,L2,1,13,oracle,False,0,False,True,False,False,True,7.606854249492386,1.1672617529928753,0.20615528128088303,True,7.606854249492386
v3_sc0_staging_19,L2,1,14,uncalibrated,False,0,True,True,False,False,True,5.091421356237309,1.4000000000000001,0.25,True,5.091421356237309
v3_sc0_staging_19,L2,1,14,label_cell,False,0,True,False,False,False,False,nan,nan,nan,False,5.091421356237309
v3_sc0_staging_19,L2,1,14,geometry,False,0,False,False,False,False,False,nan,nan,nan,False,5.091421356237309
v3_sc0_staging_19,L2,1,14,label_only,False,1,False,False,False,False,False,nan,nan,nan,False,5.091421356237309
v3_sc0_staging_19,L2,1,14,pose_only,False,0,True,True,False,False,True,5.091421356237309,1.4000000000000001,0.25,True,5.091421356237309
v3_sc0_staging_19,L2,1,14,separate,False,1,False,False,False,False,False,nan,nan,nan,False,5.091421356237309
v3_sc0_staging_19,L2,1,14,joint,False,1,False,False,False,False,False,nan,nan,nan,False,5.091421356237309
v3_sc0_staging_19,L2,1,14,oracle,False,0,False,True,False,False,True,5.091421356237309,1.4000000000000001,0.25,True,5.091421356237309
v3_sc0_staging_19,L2,1,15,uncalibrated,False,0,True,True,False,False,True,3.015685424949238,1.913765920900464,0.20615528128088303,True,3.015685424949238
v3_sc0_staging_19,L2,1,15,label_cell,False,0,True,False,False,False,False,nan,nan,nan,False,3.015685424949238
v3_sc0_staging_19,L2,1,15,geometry,False,0,False,False,False,False,False,nan,nan,nan,False,3.015685424949238
v3_sc0_staging_19,L2,1,15,label_only,False,1,False,False,False,False,False,nan,nan,nan,False,3.015685424949238
v3_sc0_staging_19,L2,1,15,pose_only,False,0,True,True,False,False,True,3.015685424949238,1.913765920900464,0.20615528128088303,True,3.015685424949238
v3_sc0_staging_19,L2,1,15,separate,False,1,False,False,False,False,False,nan,nan,nan,False,3.015685424949238
v3_sc0_staging_19,L2,1,15,joint,False,1,False,False,False,False,False,nan,nan,nan,False,3.015685424949238
v3_sc0_staging_19,L2,1,15,oracle,False,0,False,True,False,False,True,3.015685424949238,1.913765920900464,0.20615528128088303,True,3.015685424949238
v3_sc0_staging_19,L2,1,16,uncalibrated,False,0,True,True,False,False,True,8.83553390593274,1.2020815280171309,0.20615528128088303,True,8.835533905932738
v3_sc0_staging_19,L2,1,16,label_cell,False,0,True,False,False,False,False,nan,nan,nan,False,8.835533905932738
v3_sc0_staging_19,L2,1,16,geometry,False,0,False,False,False,False,False,nan,nan,nan,False,8.835533905932738
v3_sc0_staging_19,L2,1,16,label_only,False,1,False,False,False,False,False,nan,nan,nan,False,8.835533905932738
v3_sc0_staging_19,L2,1,16,pose_only,False,0,True,True,False,False,True,8.83553390593274,1.2020815280171309,0.20615528128088303,True,8.835533905932738
v3_sc0_staging_19,L2,1,16,separate,False,1,False,False,False,False,False,nan,nan,nan,False,8.835533905932738
v3_sc0_staging_19,L2,1,16,joint,False,1,False,False,False,False,False,nan,nan,nan,False,8.835533905932738
v3_sc0_staging_19,L2,1,16,oracle,False,0,False,True,False,False,True,8.835533905932738,1.1672617529928753,0.20615528128088303,True,8.835533905932738
v3_sc0_staging_19,L2,1,17,uncalibrated,False,0,True,True,False,False,True,4.2698484809835,1.6620770138594663,0.20615528128088303,True,4.2698484809835
v3_sc0_staging_19,L2,1,17,label_cell,False,0,True,False,False,False,False,nan,nan,nan,False,4.2698484809835
v3_sc0_staging_19,L2,1,17,geometry,False,0,False,False,False,False,False,nan,nan,nan,False,4.2698484809835
v3_sc0_staging_19,L2,1,17,label_only,False,1,False,False,False,False,False,nan,nan,nan,False,4.2698484809835
v3_sc0_staging_19,L2,1,17,pose_only,False,0,True,True,False,False,True,4.2698484809835,1.6620770138594663,0.20615528128088303,True,4.2698484809835
v3_sc0_staging_19,L2,1,17,separate,False,1,False,False,False,False,False,nan,nan,nan,False,4.2698484809835
v3_sc0_staging_19,L2,1,17,joint,False,1,False,False,False,False,False,nan,nan,nan,False,4.2698484809835
v3_sc0_staging_19,L2,1,17,oracle,False,0,False,True,False,False,True,4.2698484809835,1.6620770138594663,0.20615528128088303,True,4.2698484809835
v3_sc0_staging_19,L2,1,18,uncalibrated,False,0,True,True,False,False,True,4.5455844122715705,2.164486082191336,0.20615528128088303,True,4.5455844122715705
v3_sc0_staging_19,L2,1,18,label_cell,False,0,True,False,False,False,False,nan,nan,nan,False,4.5455844122715705
v3_sc0_staging_19,L2,1,18,geometry,False,0,False,False,False,False,False,nan,nan,nan,False,4.5455844122715705
v3_sc0_staging_19,L2,1,18,label_only,False,1,False,False,False,False,False,nan,nan,nan,False,4.5455844122715705
v3_sc0_staging_19,L2,1,18,pose_only,False,0,True,True,False,False,True,4.5455844122715705,2.164486082191336,0.20615528128088303,True,4.5455844122715705
v3_sc0_staging_19,L2,1,18,separate,False,1,False,False,False,False,False,nan,nan,nan,False,4.5455844122715705
v3_sc0_staging_19,L2,1,18,joint,False,1,False,False,False,False,False,nan,nan,nan,False,4.5455844122715705
v3_sc0_staging_19,L2,1,18,oracle,False,0,False,True,False,False,True,4.5455844122715705,2.164486082191336,0.20615528128088303,True,4.5455844122715705
v3_sc0_staging_19,L2,1,19,uncalibrated,False,0,True,True,False,False,True,6.781370849898477,2.170829334609241,0.20615528128088303,True,6.781370849898477
v3_sc0_staging_19,L2,1,19,label_cell,False,0,True,False,False,False,False,nan,nan,nan,False,6.781370849898477
v3_sc0_staging_19,L2,1,19,geometry,False,0,False,False,False,False,False,nan,nan,nan,False,6.781370849898477
v3_sc0_staging_19,L2,1,19,label_only,False,1,False,False,False,False,False,nan,nan,nan,False,6.781370849898477
v3_sc0_staging_19,L2,1,19,pose_only,False,0,True,True,False,False,True,6.781370849898477,2.170829334609241,0.20615528128088303,True,6.781370849898477
v3_sc0_staging_19,L2,1,19,separate,False,1,False,False,False,False,False,nan,nan,nan,False,6.781370849898477
v3_sc0_staging_19,L2,1,19,joint,False,1,False,False,False,False,False,nan,nan,nan,False,6.781370849898477
v3_sc0_staging_19,L2,1,19,oracle,False,0,False,True,False,False,True,6.781370849898477,2.170829334609241,0.20615528128088303,True,6.781370849898477
v3_sc0_staging_19,L2,2,0,uncalibrated,False,0,True,True,False,False,True,5.0091883092036795,2.2561028345356955,0.20615528128088303,True,5.0091883092036795
v3_sc0_staging_19,L2,2,0,label_cell,False,0,False,False,False,False,False,nan,nan,nan,False,5.0091883092036795
v3_sc0_staging_19,L2,2,0,geometry,False,0,False,False,False,False,False,nan,nan,nan,False,5.0091883092036795
v3_sc0_staging_19,L2,2,0,label_only,False,1,False,False,False,False,False,nan,nan,nan,False,5.0091883092036795
v3_sc0_staging_19,L2,2,0,pose_only,False,0,False,True,False,False,True,5.0091883092036795,2.2561028345356955,0.20615528128088303,True,5.0091883092036795
v3_sc0_staging_19,L2,2,0,separate,False,1,False,False,False,False,False,nan,nan,nan,False,5.0091883092036795
v3_sc0_staging_19,L2,2,0,joint,False,1,False,False,False,False,False,nan,nan,nan,False,5.0091883092036795
v3_sc0_staging_19,L2,2,0,oracle,False,0,False,True,False,False,True,5.0091883092036795,2.2561028345356955,0.20615528128088303,True,5.0091883092036795
v3_sc0_staging_19,L2,2,1,uncalibrated,False,0,True,True,False,False,True,7.784062043356595,1.2000000000000002,0.20615528128088303,True,7.784062043356595
v3_sc0_staging_19,L2,2,1,label_cell,False,0,False,False,False,False,False,nan,nan,nan,False,7.784062043356595
v3_sc0_staging_19,L2,2,1,geometry,False,0,False,False,False,False,False,nan,nan,nan,False,7.784062043356595
v3_sc0_staging_19,L2,2,1,label_only,False,1,False,False,False,False,False,nan,nan,nan,False,7.784062043356595
v3_sc0_staging_19,L2,2,1,pose_only,False,0,False,True,False,False,True,7.784062043356595,1.2000000000000002,0.20615528128088303,True,7.784062043356595
v3_sc0_staging_19,L2,2,1,separate,False,1,False,False,False,False,False,nan,nan,nan,False,7.784062043356595
v3_sc0_staging_19,L2,2,1,joint,False,1,False,False,False,False,False,nan,nan,nan,False,7.784062043356595
v3_sc0_staging_19,L2,2,1,oracle,False,0,False,True,False,False,True,7.784062043356595,1.2000000000000002,0.20615528128088303,True,7.784062043356595
v3_sc0_staging_19,L2,2,2,uncalibrated,False,0,True,True,False,False,True,7.032590180780457,1.520690632574555,0.20615528128088303,True,7.032590180780457
v3_sc0_staging_19,L2,2,2,label_cell,False,0,False,False,False,False,False,nan,nan,nan,False,7.032590180780457
v3_sc0_staging_19,L2,2,2,geometry,False,0,False,False,False,False,False,nan,nan,nan,False,7.032590180780457
v3_sc0_staging_19,L2,2,2,label_only,False,1,False,False,False,False,False,nan,nan,nan,False,7.032590180780457
v3_sc0_staging_19,L2,2,2,pose_only,False,0,False,True,False,False,True,7.032590180780457,1.520690632574555,0.20615528128088303,True,7.032590180780457
v3_sc0_staging_19,L2,2,2,separate,False,1,False,False,False,False,False,nan,nan,nan,False,7.032590180780457
v3_sc0_staging_19,L2,2,2,joint,False,1,False,False,False,False,False,nan,nan,nan,False,7.032590180780457
v3_sc0_staging_19,L2,2,2,oracle,False,0,False,True,False,False,True,7.032590180780457,1.520690632574555,0.20615528128088303,True,7.032590180780457
v3_sc0_staging_19,L2,2,3,uncalibrated,False,0,True,True,False,False,True,5.517766952966369,2.245551157288562,0.20615528128088303,True,5.517766952966369
v3_sc0_staging_19,L2,2,3,label_cell,False,0,False,False,False,False,False,nan,nan,nan,False,5.517766952966369
v3_sc0_staging_19,L2,2,3,geometry,False,0,False,False,False,False,False,nan,nan,nan,False,5.517766952966369
v3_sc0_staging_19,L2,2,3,label_only,False,1,False,False,False,False,False,nan,nan,nan,False,5.517766952966369
v3_sc0_staging_19,L2,2,3,pose_only,False,0,False,True,False,False,True,5.517766952966369,2.245551157288562,0.20615528128088303,True,5.517766952966369
v3_sc0_staging_19,L2,2,3,separate,False,1,False,False,False,False,False,nan,nan,nan,False,5.517766952966369
v3_sc0_staging_19,L2,2,3,joint,False,1,False,False,False,False,False,nan,nan,nan,False,5.517766952966369
v3_sc0_staging_19,L2,2,3,oracle,False,0,False,True,False,False,True,5.517766952966369,2.245551157288562,0.20615528128088303,True,5.517766952966369
v3_sc0_staging_19,L2,2,4,uncalibrated,False,0,True,True,False,False,True,2.9156854249492383,1.772004514666935,0.20615528128088303,True,2.9156854249492383
v3_sc0_staging_19,L2,2,4,label_cell,False,0,False,False,False,False,False,nan,nan,nan,False,2.9156854249492383
v3_sc0_staging_19,L2,2,4,geometry,False,0,False,False,False,False,False,nan,nan,nan,False,2.9156854249492383
v3_sc0_staging_19,L2,2,4,label_only,False,1,False,False,False,False,False,nan,nan,nan,False,2.9156854249492383
v3_sc0_staging_19,L2,2,4,pose_only,False,0,False,True,False,False,True,2.9156854249492383,1.772004514666935,0.20615528128088303,True,2.9156854249492383
v3_sc0_staging_19,L2,2,4,separate,False,1,False,False,False,False,False,nan,nan,nan,False,2.9156854249492383
v3_sc0_staging_19,L2,2,4,joint,False,1,False,False,False,False,False,nan,nan,nan,False,2.9156854249492383
v3_sc0_staging_19,L2,2,4,oracle,False,0,False,True,False,False,True,2.9156854249492383,1.772004514666935,0.20615528128088303,True,2.9156854249492383
v3_sc0_staging_19,L2,2,5,uncalibrated,False,0,True,True,False,False,True,4.965685424949239,2.245551157288562,0.20615528128088303,True,4.965685424949239
v3_sc0_staging_19,L2,2,5,label_cell,False,0,False,False,False,False,False,nan,nan,nan,False,4.965685424949239
v3_sc0_staging_19,L2,2,5,geometry,False,0,False,False,False,False,False,nan,nan,nan,False,4.965685424949239
v3_sc0_staging_19,L2,2,5,label_only,False,1,False,False,False,False,False,nan,nan,nan,False,4.965685424949239
v3_sc0_staging_19,L2,2,5,pose_only,False,0,False,True,False,False,True,4.965685424949239,2.245551157288562,0.20615528128088303,True,4.965685424949239
v3_sc0_staging_19,L2,2,5,separate,False,1,False,False,False,False,False,nan,nan,nan,False,4.965685424949239
v3_sc0_staging_19,L2,2,5,joint,False,1,False,False,False,False,False,nan,nan,nan,False,4.965685424949239
v3_sc0_staging_19,L2,2,5,oracle,False,0,False,True,False,False,True,4.965685424949239,2.245551157288562,0.20615528128088303,True,4.965685424949239
v3_sc0_staging_19,L2,2,6,uncalibrated,False,0,True,True,False,False,True,6.891168824543147,1.8794946129212502,0.20615528128088303,True,6.8618795026618
v3_sc0_staging_19,L2,2,6,label_cell,False,0,False,False,False,False,False,nan,nan,nan,False,6.8618795026618
v3_sc0_staging_19,L2,2,6,geometry,False,0,False,False,False,False,False,nan,nan,nan,False,6.8618795026618
v3_sc0_staging_19,L2,2,6,label_only,False,1,False,False,False,False,False,nan,nan,nan,False,6.8618795026618
v3_sc0_staging_19,L2,2,6,pose_only,False,0,False,True,False,False,True,6.891168824543147,1.8794946129212502,0.20615528128088303,True,6.8618795026618
v3_sc0_staging_19,L2,2,6,separate,False,1,False,False,False,False,False,nan,nan,nan,False,6.8618795026618
v3_sc0_staging_19,L2,2,6,joint,False,1,False,False,False,False,False,nan,nan,nan,False,6.8618795026618
v3_sc0_staging_19,L2,2,6,oracle,False,0,False,True,False,False,True,6.8618795026618,1.8607794065928396,0.20615528128088303,True,6.8618795026618
v3_sc0_staging_19,L2,2,7,uncalibrated,False,0,True,True,False,False,True,9.035533905932738,1.3,0.20615528128088303,True,9.035533905932738
v3_sc0_staging_19,L2,2,7,label_cell,False,0,False,False,False,False,False,nan,nan,nan,False,9.035533905932738
v3_sc0_staging_19,L2,2,7,geometry,False,0,False,False,False,False,False,nan,nan,nan,False,9.035533905932738
v3_sc0_staging_19,L2,2,7,label_only,False,1,False,False,False,False,False,nan,nan,nan,False,9.035533905932738
v3_sc0_staging_19,L2,2,7,pose_only,False,0,False,True,False,False,True,9.035533905932738,1.3,0.20615528128088303,True,9.035533905932738
v3_sc0_staging_19,L2,2,7,separate,False,1,False,False,False,False,False,nan,nan,nan,False,9.035533905932738
v3_sc0_staging_19,L2,2,7,joint,False,1,False,False,False,False,False,nan,nan,nan,False,9.035533905932738
v3_sc0_staging_19,L2,2,7,oracle,False,0,False,True,False,False,True,9.035533905932738,1.3,0.20615528128088303,True,9.035533905932738
v3_sc0_staging_19,L2,2,8,uncalibrated,False,0,True,True,False,False,True,4.1000000000000005,1.9500000000000002,0.35000000000000003,True,4.1000000000000005
v3_sc0_staging_19,L2,2,8,label_cell,False,0,False,True,False,False,True,4.18284271247462,1.784656829757475,0.5024937810560445,True,4.1000000000000005
v3_sc0_staging_19,L2,2,8,geometry,False,0,False,True,False,False,True,4.415685424949237,1.63783393541592,0.651920240520265,True,4.1000000000000005
v3_sc0_staging_19,L2,2,8,label_only,False,1,False,True,False,False,True,4.415685424949237,1.63783393541592,0.651920240520265,True,4.1000000000000005
v3_sc0_staging_19,L2,2,8,pose_only,False,0,False,True,False,False,True,4.1000000000000005,1.9500000000000002,0.35000000000000003,True,4.1000000000000005
v3_sc0_staging_19,L2,2,8,separate,False,1,False,True,False,False,True,4.415685424949237,1.63783393541592,0.651920240520265,True,4.1000000000000005
v3_sc0_staging_19,L2,2,8,joint,False,1,False,True,False,False,True,4.415685424949237,1.63783393541592,0.651920240520265,True,4.1000000000000005
v3_sc0_staging_19,L2,2,8,oracle,False,0,False,True,False,False,True,4.1000000000000005,1.9500000000000002,0.35000000000000003,True,4.1000000000000005
v3_sc0_staging_19,L2,2,9,uncalibrated,False,0,True,True,False,False,True,6.469848480983501,1.2000000000000002,0.20615528128088303,True,6.469848480983501
v3_sc0_staging_19,L2,2,9,label_cell,False,0,False,False,False,False,False,nan,nan,nan,False,6.469848480983501
v3_sc0_staging_19,L2,2,9,geometry,False,0,False,False,False,False,False,nan,nan,nan,False,6.469848480983501
v3_sc0_staging_19,L2,2,9,label_only,False,1,False,False,False,False,False,nan,nan,nan,False,6.469848480983501
v3_sc0_staging_19,L2,2,9,pose_only,False,0,False,True,False,False,True,6.469848480983501,1.2000000000000002,0.20615528128088303,True,6.469848480983501
v3_sc0_staging_19,L2,2,9,separate,False,1,False,False,False,False,False,nan,nan,nan,False,6.469848480983501
v3_sc0_staging_19,L2,2,9,joint,False,1,False,False,False,False,False,nan,nan,nan,False,6.469848480983501
v3_sc0_staging_19,L2,2,9,oracle,False,0,False,True,False,False,True,6.469848480983501,1.2000000000000002,0.20615528128088303,True,6.469848480983501
v3_sc0_staging_19,L2,2,10,uncalibrated,False,0,True,True,False,False,True,7.7725396744416235,1.4142135623730951,0.20615528128088303,True,7.7432503525602785
v3_sc0_staging_19,L2,2,10,label_cell,False,0,False,False,False,False,False,nan,nan,nan,False,7.7432503525602785
v3_sc0_staging_19,L2,2,10,geometry,False,0,False,False,False,False,False,nan,nan,nan,False,7.7432503525602785
v3_sc0_staging_19,L2,2,10,label_only,False,1,False,False,False,False,False,nan,nan,nan,False,7.7432503525602785
v3_sc0_staging_19,L2,2,10,pose_only,False,0,False,True,False,False,True,7.7725396744416235,1.4142135623730951,0.20615528128088303,True,7.7432503525602785
v3_sc0_staging_19,L2,2,10,separate,False,1,False,False,False,False,False,nan,nan,nan,False,7.7432503525602785
v3_sc0_staging_19,L2,2,10,joint,False,1,False,False,False,False,False,nan,nan,nan,False,7.7432503525602785
v3_sc0_staging_19,L2,2,10,oracle,False,0,False,True,False,False,True,7.7432503525602785,1.4142135623730951,0.20615528128088303,True,7.7432503525602785
v3_sc0_staging_19,L2,2,11,uncalibrated,False,0,True,True,False,False,True,10.000357133746821,1.1313708498984762,0.18027756377319948,True,9.971067811865476
v3_sc0_staging_19,L2,2,11,label_cell,False,0,False,False,False,False,False,nan,nan,nan,False,9.971067811865476
v3_sc0_staging_19,L2,2,11,geometry,False,0,False,False,False,False,False,nan,nan,nan,False,9.971067811865476
v3_sc0_staging_19,L2,2,11,label_only,False,1,False,False,False,False,False,nan,nan,nan,False,9.971067811865476
v3_sc0_staging_19,L2,2,11,pose_only,False,0,False,True,False,False,True,10.000357133746821,1.1313708498984762,0.18027756377319948,True,9.971067811865476
v3_sc0_staging_19,L2,2,11,separate,False,1,False,False,False,False,False,nan,nan,nan,False,9.971067811865476
v3_sc0_staging_19,L2,2,11,joint,False,1,False,False,False,False,False,nan,nan,nan,False,9.971067811865476
v3_sc0_staging_19,L2,2,11,oracle,False,0,False,True,False,False,True,9.971067811865476,1.1661903789690602,0.20615528128088303,True,9.971067811865476
v3_sc0_staging_19,L2,2,12,uncalibrated,False,0,True,True,False,False,True,6.312132034355965,1.2000000000000002,0.25,True,6.312132034355965
v3_sc0_staging_19,L2,2,12,label_cell,False,0,False,False,False,False,False,nan,nan,nan,False,6.312132034355965
v3_sc0_staging_19,L2,2,12,geometry,False,0,False,False,False,False,False,nan,nan,nan,False,6.312132034355965
v3_sc0_staging_19,L2,2,12,label_only,False,1,False,False,False,False,False,nan,nan,nan,False,6.312132034355965
v3_sc0_staging_19,L2,2,12,pose_only,False,0,False,True,False,False,True,6.312132034355965,1.2000000000000002,0.25,True,6.312132034355965
v3_sc0_staging_19,L2,2,12,separate,False,1,False,False,False,False,False,nan,nan,nan,False,6.312132034355965
v3_sc0_staging_19,L2,2,12,joint,False,1,False,False,False,False,False,nan,nan,nan,False,6.312132034355965
v3_sc0_staging_19,L2,2,12,oracle,False,0,False,True,False,False,True,6.312132034355965,1.2000000000000002,0.25,True,6.312132034355965
v3_sc0_staging_19,L2,2,13,uncalibrated,False,0,True,True,False,False,True,7.586143571373731,1.1313708498984762,0.18027756377319948,True,7.586143571373731
v3_sc0_staging_19,L2,2,13,label_cell,False,0,False,False,False,False,False,nan,nan,nan,False,7.586143571373731
v3_sc0_staging_19,L2,2,13,geometry,False,0,False,False,False,False,False,nan,nan,nan,False,7.586143571373731
v3_sc0_staging_19,L2,2,13,label_only,False,1,False,False,False,False,False,nan,nan,nan,False,7.586143571373731
v3_sc0_staging_19,L2,2,13,pose_only,False,0,False,True,False,False,True,7.586143571373731,1.1313708498984762,0.18027756377319948,True,7.586143571373731
v3_sc0_staging_19,L2,2,13,separate,False,1,False,False,False,False,False,nan,nan,nan,False,7.586143571373731
v3_sc0_staging_19,L2,2,13,joint,False,1,False,False,False,False,False,nan,nan,nan,False,7.586143571373731
v3_sc0_staging_19,L2,2,13,oracle,False,0,False,True,False,False,True,7.586143571373731,1.1661903789690602,0.20615528128088303,True,7.586143571373731
v3_sc0_staging_19,L2,2,14,uncalibrated,False,0,True,True,False,False,True,5.112132034355964,1.35,0.30000000000000004,True,5.070710678118655
v3_sc0_staging_19,L2,2,14,label_cell,False,0,False,False,False,False,False,nan,nan,nan,False,5.070710678118655
v3_sc0_staging_19,L2,2,14,geometry,False,0,False,False,False,False,False,nan,nan,nan,False,5.070710678118655
v3_sc0_staging_19,L2,2,14,label_only,False,1,False,False,False,False,False,nan,nan,nan,False,5.070710678118655
v3_sc0_staging_19,L2,2,14,pose_only,False,0,False,True,False,False,True,5.112132034355964,1.35,0.30000000000000004,True,5.070710678118655
v3_sc0_staging_19,L2,2,14,separate,False,1,False,False,False,False,False,nan,nan,nan,False,5.070710678118655
v3_sc0_staging_19,L2,2,14,joint,False,1,False,False,False,False,False,nan,nan,nan,False,5.070710678118655
v3_sc0_staging_19,L2,2,14,oracle,False,0,False,True,False,False,True,5.070710678118655,1.4000000000000001,0.25,True,5.070710678118655
v3_sc0_staging_19,L2,2,15,uncalibrated,False,0,True,True,False,False,True,3.036396103067893,1.913765920900464,0.25,True,3.015685424949238
v3_sc0_staging_19,L2,2,15,label_cell,False,0,False,False,False,False,False,nan,nan,nan,False,3.015685424949238
v3_sc0_staging_19,L2,2,15,geometry,False,0,False,False,False,False,False,nan,nan,nan,False,3.015685424949238
v3_sc0_staging_19,L2,2,15,label_only,False,1,False,False,False,False,False,nan,nan,nan,False,3.015685424949238
v3_sc0_staging_19,L2,2,15,pose_only,False,0,False,True,False,False,True,3.036396103067893,1.913765920900464,0.25,True,3.015685424949238
v3_sc0_staging_19,L2,2,15,separate,False,1,False,False,False,False,False,nan,nan,nan,False,3.015685424949238
v3_sc0_staging_19,L2,2,15,joint,False,1,False,False,False,False,False,nan,nan,nan,False,3.015685424949238
v3_sc0_staging_19,L2,2,15,oracle,False,0,False,True,False,False,True,3.015685424949238,1.913765920900464,0.20615528128088303,True,3.015685424949238
v3_sc0_staging_19,L2,2,16,uncalibrated,False,0,True,True,False,False,True,8.814823227814085,1.1313708498984762,0.18027756377319948,True,8.814823227814086
v3_sc0_staging_19,L2,2,16,label_cell,False,0,False,False,False,False,False,nan,nan,nan,False,8.814823227814086
v3_sc0_staging_19,L2,2,16,geometry,False,0,False,False,False,False,False,nan,nan,nan,False,8.814823227814086
v3_sc0_staging_19,L2,2,16,label_only,False,1,False,False,False,False,False,nan,nan,nan,False,8.814823227814086
v3_sc0_staging_19,L2,2,16,pose_only,False,0,False,True,False,False,True,8.814823227814085,1.1313708498984762,0.18027756377319948,True,8.814823227814086
v3_sc0_staging_19,L2,2,16,separate,False,1,False,False,False,False,False,nan,nan,nan,False,8.814823227814086
v3_sc0_staging_19,L2,2,16,joint,False,1,False,False,False,False,False,nan,nan,nan,False,8.814823227814086
v3_sc0_staging_19,L2,2,16,oracle,False,0,False,True,False,False,True,8.814823227814086,1.1661903789690602,0.20615528128088303,True,8.814823227814086
v3_sc0_staging_19,L2,2,17,uncalibrated,False,0,True,True,False,False,True,4.3198484809835,1.6620770138594663,0.20615528128088303,True,4.3198484809835
v3_sc0_staging_19,L2,2,17,label_cell,False,0,False,False,False,False,False,nan,nan,nan,False,4.3198484809835
v3_sc0_staging_19,L2,2,17,geometry,False,0,False,False,False,False,False,nan,nan,nan,False,4.3198484809835
v3_sc0_staging_19,L2,2,17,label_only,False,1,False,False,False,False,False,nan,nan,nan,False,4.3198484809835
v3_sc0_staging_19,L2,2,17,pose_only,False,0,False,True,False,False,True,4.3198484809835,1.6620770138594663,0.20615528128088303,True,4.3198484809835
v3_sc0_staging_19,L2,2,17,separate,False,1,False,False,False,False,False,nan,nan,nan,False,4.3198484809835
v3_sc0_staging_19,L2,2,17,joint,False,1,False,False,False,False,False,nan,nan,nan,False,4.3198484809835
v3_sc0_staging_19,L2,2,17,oracle,False,0,False,True,False,False,True,4.3198484809835,1.6620770138594663,0.20615528128088303,True,4.3198484809835
v3_sc0_staging_19,L2,2,18,uncalibrated,False,0,True,True,False,False,True,4.59558441227157,2.109502310972899,0.20615528128088303,True,4.59558441227157
v3_sc0_staging_19,L2,2,18,label_cell,False,0,False,False,False,False,False,nan,nan,nan,False,4.59558441227157
v3_sc0_staging_19,L2,2,18,geometry,False,0,False,False,False,False,False,nan,nan,nan,False,4.59558441227157
v3_sc0_staging_19,L2,2,18,label_only,False,1,False,False,False,False,False,nan,nan,nan,False,4.59558441227157
v3_sc0_staging_19,L2,2,18,pose_only,False,0,False,True,False,False,True,4.59558441227157,2.109502310972899,0.20615528128088303,True,4.59558441227157
v3_sc0_staging_19,L2,2,18,separate,False,1,False,False,False,False,False,nan,nan,nan,False,4.59558441227157
v3_sc0_staging_19,L2,2,18,joint,False,1,False,False,False,False,False,nan,nan,nan,False,4.59558441227157
v3_sc0_staging_19,L2,2,18,oracle,False,0,False,True,False,False,True,4.59558441227157,2.109502310972899,0.20615528128088303,True,4.59558441227157
v3_sc0_staging_19,L2,2,19,uncalibrated,False,0,True,True,False,False,True,6.831370849898477,2.1360009363293826,0.20615528128088303,True,6.831370849898477
v3_sc0_staging_19,L2,2,19,label_cell,False,0,False,False,False,False,False,nan,nan,nan,False,6.831370849898477
v3_sc0_staging_19,L2,2,19,geometry,False,0,False,False,False,False,False,nan,nan,nan,False,6.831370849898477
v3_sc0_staging_19,L2,2,19,label_only,False,1,False,False,False,False,False,nan,nan,nan,False,6.831370849898477
v3_sc0_staging_19,L2,2,19,pose_only,False,0,False,True,False,False,True,6.831370849898477,2.1360009363293826,0.20615528128088303,True,6.831370849898477
v3_sc0_staging_19,L2,2,19,separate,False,1,False,False,False,False,False,nan,nan,nan,False,6.831370849898477
v3_sc0_staging_19,L2,2,19,joint,False,1,False,False,False,False,False,nan,nan,nan,False,6.831370849898477
v3_sc0_staging_19,L2,2,19,oracle,False,0,False,True,False,False,True,6.831370849898477,2.1360009363293826,0.20615528128088303,True,6.831370849898477
v3_sc0_staging_19,L2,3,0,uncalibrated,False,0,True,True,False,False,True,5.0591883092036785,2.245551157288562,0.20615528128088303,True,5.029898987322333
v3_sc0_staging_19,L2,3,0,label_cell,False,0,True,False,False,False,False,nan,nan,nan,False,5.029898987322333
v3_sc0_staging_19,L2,3,0,geometry,False,0,False,False,False,False,False,nan,nan,nan,False,5.029898987322333
v3_sc0_staging_19,L2,3,0,label_only,False,1,False,False,False,False,False,nan,nan,nan,False,5.029898987322333
v3_sc0_staging_19,L2,3,0,pose_only,False,0,False,True,False,False,True,5.0591883092036785,2.245551157288562,0.20615528128088303,True,5.029898987322333
v3_sc0_staging_19,L2,3,0,separate,False,1,False,False,False,False,False,nan,nan,nan,False,5.029898987322333
v3_sc0_staging_19,L2,3,0,joint,False,1,False,False,False,False,False,nan,nan,nan,False,5.029898987322333
v3_sc0_staging_19,L2,3,0,oracle,False,0,False,True,False,False,True,5.029898987322333,2.2945587811167534,0.20615528128088303,True,5.029898987322333
v3_sc0_staging_19,L2,3,1,uncalibrated,False,0,True,True,False,False,True,7.763351365237941,1.4000000000000001,0.18027756377319948,True,7.7926406871192855
v3_sc0_staging_19,L2,3,1,label_cell,False,0,True,False,False,False,False,nan,nan,nan,False,7.7926406871192855
v3_sc0_staging_19,L2,3,1,geometry,False,0,False,False,False,False,False,nan,nan,nan,False,7.7926406871192855
v3_sc0_staging_19,L2,3,1,label_only,False,1,False,False,False,False,False,nan,nan,nan,False,7.7926406871192855
v3_sc0_staging_19,L2,3,1,pose_only,False,0,False,True,False,False,True,7.763351365237941,1.4000000000000001,0.18027756377319948,True,7.7926406871192855
v3_sc0_staging_19,L2,3,1,separate,False,1,False,False,False,False,False,nan,nan,nan,False,7.7926406871192855
v3_sc0_staging_19,L2,3,1,joint,False,1,False,False,False,False,False,nan,nan,nan,False,7.7926406871192855
v3_sc0_staging_19,L2,3,1,oracle,False,0,False,True,False,False,True,7.7926406871192855,1.4000000000000001,0.20615528128088303,True,7.7926406871192855
v3_sc0_staging_19,L2,3,2,uncalibrated,False,0,True,True,False,False,True,7.099747468305836,1.4849242404917498,0.21213203435596426,True,7.099747468305836
v3_sc0_staging_19,L2,3,2,label_cell,False,0,True,False,False,False,False,nan,nan,nan,False,7.099747468305836
v3_sc0_staging_19,L2,3,2,geometry,False,0,False,False,False,False,False,nan,nan,nan,False,7.099747468305836
v3_sc0_staging_19,L2,3,2,label_only,False,1,False,False,False,False,False,nan,nan,nan,False,7.099747468305836
v3_sc0_staging_19,L2,3,2,pose_only,False,0,False,True,False,False,True,7.099747468305836,1.4849242404917498,0.21213203435596426,True,7.099747468305836
v3_sc0_staging_19,L2,3,2,separate,False,1,False,False,False,False,False,nan,nan,nan,False,7.099747468305836
v3_sc0_staging_19,L2,3,2,joint,False,1,False,False,False,False,False,nan,nan,nan,False,7.099747468305836
v3_sc0_staging_19,L2,3,2,oracle,False,0,False,True,False,False,True,7.099747468305836,1.4849242404917498,0.20615528128088303,True,7.099747468305836
v3_sc0_staging_19,L2,3,3,uncalibrated,False,0,True,True,False,False,True,5.547056274847715,2.23606797749979,0.21213203435596426,True,5.517766952966369
v3_sc0_staging_19,L2,3,3,label_cell,False,0,True,False,False,False,False,nan,nan,nan,False,5.517766952966369
v3_sc0_staging_19,L2,3,3,geometry,False,0,False,False,False,False,False,nan,nan,nan,False,5.517766952966369
v3_sc0_staging_19,L2,3,3,label_only,False,1,False,False,False,False,False,nan,nan,nan,False,5.517766952966369
v3_sc0_staging_19,L2,3,3,pose_only,False,0,False,True,False,False,True,5.547056274847715,2.23606797749979,0.21213203435596426,True,5.517766952966369
v3_sc0_staging_19,L2,3,3,separate,False,1,False,False,False,False,False,nan,nan,nan,False,5.517766952966369
v3_sc0_staging_19,L2,3,3,joint,False,1,False,False,False,False,False,nan,nan,nan,False,5.517766952966369
v3_sc0_staging_19,L2,3,3,oracle,False,0,False,True,False,False,True,5.517766952966369,2.245551157288562,0.20615528128088303,True,5.517766952966369
v3_sc0_staging_19,L2,3,4,uncalibrated,False,0,True,True,False,False,True,2.9571067811865475,1.7585505395068974,0.223606797749979,True,2.9571067811865475
v3_sc0_staging_19,L2,3,4,label_cell,False,0,True,False,False,False,False,nan,nan,nan,False,2.9571067811865475
v3_sc0_staging_19,L2,3,4,geometry,False,0,False,False,False,False,False,nan,nan,nan,False,2.9571067811865475
v3_sc0_staging_19,L2,3,4,label_only,False,1,False,False,False,False,False,nan,nan,nan,False,2.9571067811865475
v3_sc0_staging_19,L2,3,4,pose_only,False,0,False,True,False,False,True,2.9571067811865475,1.7585505395068974,0.223606797749979,True,2.9571067811865475
v3_sc0_staging_19,L2,3,4,separate,False,1,False,False,False,False,False,nan,nan,nan,False,2.9571067811865475
v3_sc0_staging_19,L2,3,4,joint,False,1,False,False,False,False,False,nan,nan,nan,False,2.9571067811865475
v3_sc0_staging_19,L2,3,4,oracle,False,0,False,True,False,False,True,2.9571067811865475,1.7585505395068974,0.20615528128088303,True,2.9571067811865475
v3_sc0_staging_19,L2,3,5,uncalibrated,False,0,True,True,False,False,True,4.9985281374238575,2.23606797749979,0.223606797749979,True,4.927817459305203
v3_sc0_staging_19,L2,3,5,label_cell,False,0,True,False,False,False,False,nan,nan,nan,False,4.927817459305203
v3_sc0_staging_19,L2,3,5,geometry,False,0,False,False,False,False,False,nan,nan,nan,False,4.927817459305203
v3_sc0_staging_19,L2,3,5,label_only,False,1,False,False,False,False,False,nan,nan,nan,False,4.927817459305203
v3_sc0_staging_19,L2,3,5,pose_only,False,0,False,True,False,False,True,4.9985281374238575,2.23606797749979,0.223606797749979,True,4.927817459305203
v3_sc0_staging_19,L2,3,5,separate,False,1,False,False,False,False,False,nan,nan,nan,False,4.927817459305203
v3_sc0_staging_19,L2,3,5,joint,False,1,False,False,False,False,False,nan,nan,nan,False,4.927817459305203
v3_sc0_staging_19,L2,3,5,oracle,False,0,False,True,False,False,True,4.927817459305203,2.285278976405288,0.20615528128088303,True,4.927817459305203
v3_sc0_staging_19,L2,3,6,uncalibrated,False,0,True,True,False,False,True,6.8118795026617995,1.8788294228055937,0.18027756377319948,True,6.85330085889911
v3_sc0_staging_19,L2,3,6,label_cell,False,0,True,False,False,False,False,nan,nan,nan,False,6.85330085889911
v3_sc0_staging_19,L2,3,6,geometry,False,0,False,False,False,False,False,nan,nan,nan,False,6.85330085889911
v3_sc0_staging_19,L2,3,6,label_only,False,1,False,False,False,False,False,nan,nan,nan,False,6.85330085889911
v3_sc0_staging_19,L2,3,6,pose_only,False,0,False,True,False,False,True,6.8118795026617995,1.8788294228055937,0.18027756377319948,True,6.85330085889911
v3_sc0_staging_19,L2,3,6,separate,False,1,False,False,False,False,False,nan,nan,nan,False,6.85330085889911
v3_sc0_staging_19,L2,3,6,joint,False,1,False,False,False,False,False,nan,nan,nan,False,6.85330085889911
v3_sc0_staging_19,L2,3,6,oracle,False,0,False,True,False,False,True,6.85330085889911,1.8794946129212502,0.20615528128088303,True,6.85330085889911
v3_sc0_staging_19,L2,3,7,uncalibrated,False,0,True,True,False,False,True,9.085533905932738,1.25,0.21213203435596426,True,9.023401871576775
v3_sc0_staging_19,L2,3,7,label_cell,False,0,True,False,False,False,False,nan,nan,nan,False,9.023401871576775
v3_sc0_staging_19,L2,3,7,geometry,False,0,False,False,False,False,False,nan,nan,nan,False,9.023401871576775
v3_sc0_staging_19,L2,3,7,label_only,False,1,False,False,False,False,False,nan,nan,nan,False,9.023401871576775
v3_sc0_staging_19,L2,3,7,pose_only,False,0,False,True,False,False,True,9.085533905932738,1.25,0.21213203435596426,True,9.023401871576775
v3_sc0_staging_19,L2,3,7,separate,False,1,False,False,False,False,False,nan,nan,nan,False,9.023401871576775
v3_sc0_staging_19,L2,3,7,joint,False,1,False,False,False,False,False,nan,nan,nan,False,9.023401871576775
v3_sc0_staging_19,L2,3,7,oracle,False,0,False,True,False,False,True,9.023401871576775,1.2010412149464313,0.20615528128088303,True,9.023401871576775
v3_sc0_staging_19,L2,3,8,uncalibrated,False,0,True,True,False,False,True,4.05,2.0500000000000003,0.30000000000000004,True,4.05
v3_sc0_staging_19,L2,3,8,label_cell,False,0,True,True,False,False,True,4.153553390593274,1.8,0.55,True,4.05
v3_sc0_staging_19,L2,3,8,geometry,False,0,False,True,False,False,True,4.315685424949239,1.7102631376487072,0.65,True,4.05
v3_sc0_staging_19,L2,3,8,label_only,False,1,False,True,False,False,True,4.315685424949239,1.7102631376487072,0.65,True,4.05
v3_sc0_staging_19,L2,3,8,pose_only,False,0,False,True,False,False,True,4.05,2.0500000000000003,0.30000000000000004,True,4.05
v3_sc0_staging_19,L2,3,8,separate,False,1,False,True,False,False,True,4.315685424949239,1.7102631376487072,0.65,True,4.05
v3_sc0_staging_19,L2,3,8,joint,False,1,False,True,False,False,True,4.315685424949239,1.7102631376487072,0.65,True,4.05
v3_sc0_staging_19,L2,3,8,oracle,False,0,False,True,False,False,True,4.05,2.0500000000000003,0.30000000000000004,True,4.05
v3_sc0_staging_19,L2,3,9,uncalibrated,False,0,True,True,False,False,True,6.487005768508883,1.3,0.20615528128088303,True,6.487005768508883
v3_sc0_staging_19,L2,3,9,label_cell,False,0,True,False,False,False,False,nan,nan,nan,False,6.487005768508883
v3_sc0_staging_19,L2,3,9,geometry,False,0,False,False,False,False,False,nan,nan,nan,False,6.487005768508883
v3_sc0_staging_19,L2,3,9,label_only,False,1,False,False,False,False,False,nan,nan,nan,False,6.487005768508883
v3_sc0_staging_19,L2,3,9,pose_only,False,0,False,True,False,False,True,6.487005768508883,1.3,0.20615528128088303,True,6.487005768508883
v3_sc0_staging_19,L2,3,9,separate,False,1,False,False,False,False,False,nan,nan,nan,False,6.487005768508883
v3_sc0_staging_19,L2,3,9,joint,False,1,False,False,False,False,False,nan,nan,nan,False,6.487005768508883
v3_sc0_staging_19,L2,3,9,oracle,False,0,False,True,False,False,True,6.487005768508883,1.3,0.20615528128088303,True,6.487005768508883
v3_sc0_staging_19,L2,3,10,uncalibrated,False,0,True,True,False,False,True,7.75182899632297,1.3793114224133722,0.18027756377319948,True,7.781118318204311
v3_sc0_staging_19,L2,3,10,label_cell,False,0,True,False,False,False,False,nan,nan,nan,False,7.781118318204311
v3_sc0_staging_19,L2,3,10,geometry,False,0,False,False,False,False,False,nan,nan,nan,False,7.781118318204311
v3_sc0_staging_19,L2,3,10,label_only,False,1,False,False,False,False,False,nan,nan,nan,False,7.781118318204311
v3_sc0_staging_19,L2,3,10,pose_only,False,0,False,True,False,False,True,7.75182899632297,1.3793114224133722,0.18027756377319948,True,7.781118318204311
v3_sc0_staging_19,L2,3,10,separate,False,1,False,False,False,False,False,nan,nan,nan,False,7.781118318204311
v3_sc0_staging_19,L2,3,10,joint,False,1,False,False,False,False,False,nan,nan,nan,False,7.781118318204311
v3_sc0_staging_19,L2,3,10,oracle,False,0,False,True,False,False,True,7.781118318204311,1.3793114224133722,0.20615528128088303,True,7.781118318204311
v3_sc0_staging_19,L2,3,11,uncalibrated,False,0,True,True,False,False,True,9.979646455628165,1.1672617529928753,0.18027756377319948,True,10.008935777509514
v3_sc0_staging_19,L2,3,11,label_cell,False,0,True,False,False,False,False,nan,nan,nan,False,10.008935777509514
v3_sc0_staging_19,L2,3,11,geometry,False,0,False,False,False,False,False,nan,nan,nan,False,10.008935777509514
v3_sc0_staging_19,L2,3,11,label_only,False,1,False,False,False,False,False,nan,nan,nan,False,10.008935777509514
v3_sc0_staging_19,L2,3,11,pose_only,False,0,False,True,False,False,True,9.979646455628165,1.1672617529928753,0.18027756377319948,True,10.008935777509514
v3_sc0_staging_19,L2,3,11,separate,False,1,False,False,False,False,False,nan,nan,nan,False,10.008935777509514
v3_sc0_staging_19,L2,3,11,joint,False,1,False,False,False,False,False,nan,nan,nan,False,10.008935777509514
v3_sc0_staging_19,L2,3,11,oracle,False,0,False,True,False,False,True,10.008935777509514,1.1672617529928753,0.20615528128088303,True,10.008935777509514
v3_sc0_staging_19,L2,3,12,uncalibrated,False,0,True,True,False,False,True,6.3949747468305835,1.3,0.2692582403567252,True,6.353553390593273
v3_sc0_staging_19,L2,3,12,label_cell,False,0,True,False,False,False,False,nan,nan,nan,False,6.353553390593273
v3_sc0_staging_19,L2,3,12,geometry,False,0,False,False,False,False,False,nan,nan,nan,False,6.353553390593273
v3_sc0_staging_19,L2,3,12,label_only,False,1,False,False,False,False,False,nan,nan,nan,False,6.353553390593273
v3_sc0_staging_19,L2,3,12,pose_only,False,0,False,True,False,False,True,6.3949747468305835,1.3,0.2692582403567252,True,6.353553390593273
v3_sc0_staging_19,L2,3,12,separate,False,1,False,False,False,False,False,nan,nan,nan,False,6.353553390593273
v3_sc0_staging_19,L2,3,12,joint,False,1,False,False,False,False,False,nan,nan,nan,False,6.353553390593273
v3_sc0_staging_19,L2,3,12,oracle,False,0,False,True,False,False,True,6.353553390593273,1.2020815280171309,0.20615528128088303,True,6.353553390593273
v3_sc0_staging_19,L2,3,13,uncalibrated,False,0,True,True,False,False,True,7.586143571373731,1.1672617529928753,0.158113883008419,True,7.615432893255073
v3_sc0_staging_19,L2,3,13,label_cell,False,0,True,False,False,False,False,nan,nan,nan,False,7.615432893255073
v3_sc0_staging_19,L2,3,13,geometry,False,0,False,False,False,False,False,nan,nan,nan,False,7.615432893255073
v3_sc0_staging_19,L2,3,13,label_only,False,1,False,False,False,False,False,nan,nan,nan,False,7.615432893255073
v3_sc0_staging_19,L2,3,13,pose_only,False,0,False,True,False,False,True,7.586143571373731,1.1672617529928753,0.158113883008419,True,7.615432893255073
v3_sc0_staging_19,L2,3,13,separate,False,1,False,False,False,False,False,nan,nan,nan,False,7.615432893255073
v3_sc0_staging_19,L2,3,13,joint,False,1,False,False,False,False,False,nan,nan,nan,False,7.615432893255073
v3_sc0_staging_19,L2,3,13,oracle,False,0,False,True,False,False,True,7.615432893255073,1.1672617529928753,0.20615528128088303,True,7.615432893255073
v3_sc0_staging_19,L2,3,14,uncalibrated,False,0,True,True,False,False,True,5.153553390593274,1.55,0.30000000000000004,True,5.153553390593274
v3_sc0_staging_19,L2,3,14,label_cell,False,0,True,False,False,False,False,nan,nan,nan,False,5.153553390593274
v3_sc0_staging_19,L2,3,14,geometry,False,0,False,False,False,False,False,nan,nan,nan,False,5.153553390593274
v3_sc0_staging_19,L2,3,14,label_only,False,1,False,False,False,False,False,nan,nan,nan,False,5.153553390593274
v3_sc0_staging_19,L2,3,14,pose_only,False,0,False,True,False,False,True,5.153553390593274,1.55,0.30000000000000004,True,5.153553390593274
v3_sc0_staging_19,L2,3,14,separate,False,1,False,False,False,False,False,nan,nan,nan,False,5.153553390593274
v3_sc0_staging_19,L2,3,14,joint,False,1,False,False,False,False,False,nan,nan,nan,False,5.153553390593274
v3_sc0_staging_19,L2,3,14,oracle,False,0,False,True,False,False,True,5.153553390593274,1.55,0.30000000000000004,True,5.153553390593274
v3_sc0_staging_19,L2,3,15,uncalibrated,False,0,True,True,False,False,True,3.036396103067893,1.9313207915827968,0.20615528128088303,True,3.036396103067893
v3_sc0_staging_19,L2,3,15,label_cell,False,0,True,False,False,False,False,nan,nan,nan,False,3.036396103067893
v3_sc0_staging_19,L2,3,15,geometry,False,0,False,False,False,False,False,nan,nan,nan,False,3.036396103067893
v3_sc0_staging_19,L2,3,15,label_only,False,1,False,False,False,False,False,nan,nan,nan,False,3.036396103067893
v3_sc0_staging_19,L2,3,15,pose_only,False,0,False,True,False,False,True,3.036396103067893,1.9313207915827968,0.20615528128088303,True,3.036396103067893
v3_sc0_staging_19,L2,3,15,separate,False,1,False,False,False,False,False,nan,nan,nan,False,3.036396103067893
v3_sc0_staging_19,L2,3,15,joint,False,1,False,False,False,False,False,nan,nan,nan,False,3.036396103067893
v3_sc0_staging_19,L2,3,15,oracle,False,0,False,True,False,False,True,3.036396103067893,1.9313207915827968,0.20615528128088303,True,3.036396103067893
v3_sc0_staging_19,L2,3,16,uncalibrated,False,0,True,True,False,False,True,8.906244584051393,1.1672617529928753,0.21213203435596426,True,8.84411254969543
v3_sc0_staging_19,L2,3,16,label_cell,False,0,True,False,False,False,False,nan,nan,nan,False,8.84411254969543
v3_sc0_staging_19,L2,3,16,geometry,False,0,False,False,False,False,False,nan,nan,nan,False,8.84411254969543
v3_sc0_staging_19,L2,3,16,label_only,False,1,False,False,False,False,False,nan,nan,nan,False,8.84411254969543
v3_sc0_staging_19,L2,3,16,pose_only,False,0,False,True,False,False,True,8.906244584051393,1.1672617529928753,0.21213203435596426,True,8.84411254969543
v3_sc0_staging_19,L2,3,16,separate,False,1,False,False,False,False,False,nan,nan,nan,False,8.84411254969543
v3_sc0_staging_19,L2,3,16,joint,False,1,False,False,False,False,False,nan,nan,nan,False,8.84411254969543
v3_sc0_staging_19,L2,3,16,oracle,False,0,False,True,False,False,True,8.84411254969543,1.1672617529928753,0.20615528128088303,True,8.84411254969543
v3_sc0_staging_19,L2,3,17,uncalibrated,False,0,True,True,False,False,True,4.169848480983499,1.6620770138594663,0.18027756377319948,True,4.199137802864845
v3_sc0_staging_19,L2,3,17,label_cell,False,0,True,False,False,False,False,nan,nan,nan,False,4.199137802864845
v3_sc0_staging_19,L2,3,17,geometry,False,0,False,False,False,False,False,nan,nan,nan,False,4.199137802864845
v3_sc0_staging_19,L2,3,17,label_only,False,1,False,False,False,False,False,nan,nan,nan,False,4.199137802864845
v3_sc0_staging_19,L2,3,17,pose_only,False,0,False,True,False,False,True,4.169848480983499,1.6620770138594663,0.18027756377319948,True,4.199137802864845
v3_sc0_staging_19,L2,3,17,separate,False,1,False,False,False,False,False,nan,nan,nan,False,4.199137802864845
v3_sc0_staging_19,L2,3,17,joint,False,1,False,False,False,False,False,nan,nan,nan,False,4.199137802864845
v3_sc0_staging_19,L2,3,17,oracle,False,0,False,True,False,False,True,4.199137802864845,1.6620770138594663,0.20615528128088303,True,4.199137802864845
v3_sc0_staging_19,L2,3,18,uncalibrated,False,0,True,True,False,False,True,4.5748737341529155,2.170829334609241,0.21213203435596426,True,4.5455844122715705
v3_sc0_staging_19,L2,3,18,label_cell,False,0,True,False,False,False,False,nan,nan,nan,False,4.5455844122715705
v3_sc0_staging_19,L2,3,18,geometry,False,0,False,False,False,False,False,nan,nan,nan,False,4.5455844122715705
v3_sc0_staging_19,L2,3,18,label_only,False,1,False,False,False,False,False,nan,nan,nan,False,4.5455844122715705
v3_sc0_staging_19,L2,3,18,pose_only,False,0,False,True,False,False,True,4.5748737341529155,2.170829334609241,0.21213203435596426,True,4.5455844122715705
v3_sc0_staging_19,L2,3,18,separate,False,1,False,False,False,False,False,nan,nan,nan,False,4.5455844122715705
v3_sc0_staging_19,L2,3,18,joint,False,1,False,False,False,False,False,nan,nan,nan,False,4.5455844122715705
v3_sc0_staging_19,L2,3,18,oracle,False,0,False,True,False,False,True,4.5455844122715705,2.1783020910791966,0.20615528128088303,True,4.5455844122715705
v3_sc0_staging_19,L2,3,19,uncalibrated,False,0,True,True,False,False,True,6.781370849898477,2.23606797749979,0.223606797749979,True,6.710660171779821
v3_sc0_staging_19,L2,3,19,label_cell,False,0,True,False,False,False,False,nan,nan,nan,False,6.710660171779821
v3_sc0_staging_19,L2,3,19,geometry,False,0,False,False,False,False,False,nan,nan,nan,False,6.710660171779821
v3_sc0_staging_19,L2,3,19,label_only,False,1,False,False,False,False,False,nan,nan,nan,False,6.710660171779821
v3_sc0_staging_19,L2,3,19,pose_only,False,0,False,True,False,False,True,6.781370849898477,2.23606797749979,0.223606797749979,True,6.710660171779821
v3_sc0_staging_19,L2,3,19,separate,False,1,False,False,False,False,False,nan,nan,nan,False,6.710660171779821
v3_sc0_staging_19,L2,3,19,joint,False,1,False,False,False,False,False,nan,nan,nan,False,6.710660171779821
v3_sc0_staging_19,L2,3,19,oracle,False,0,False,True,False,False,True,6.710660171779821,2.285278976405288,0.20615528128088303,True,6.710660171779821
v3_sc0_staging_19,L2,4,0,uncalibrated,False,0,True,True,False,False,True,5.109188309203678,2.19658826364888,0.20615528128088303,True,5.050609665440988
v3_sc0_staging_19,L2,4,0,label_cell,False,0,False,False,False,False,False,nan,nan,nan,False,5.050609665440988
v3_sc0_staging_19,L2,4,0,geometry,False,0,False,False,False,False,False,nan,nan,nan,False,5.050609665440988
v3_sc0_staging_19,L2,4,0,label_only,False,1,False,False,False,False,False,nan,nan,nan,False,5.050609665440988
v3_sc0_staging_19,L2,4,0,pose_only,False,0,False,True,False,False,True,5.109188309203678,2.19658826364888,0.20615528128088303,True,5.050609665440988
v3_sc0_staging_19,L2,4,0,separate,False,1,False,False,False,False,False,nan,nan,nan,False,5.050609665440988
v3_sc0_staging_19,L2,4,0,joint,False,1,False,False,False,False,False,nan,nan,nan,False,5.050609665440988
v3_sc0_staging_19,L2,4,0,oracle,False,0,False,True,False,False,True,5.050609665440988,2.2561028345356955,0.20615528128088303,True,5.050609665440988
v3_sc0_staging_19,L2,4,1,uncalibrated,False,0,True,True,False,False,True,7.863351365237941,1.2000000000000002,0.2,True,7.80477272147525
v3_sc0_staging_19,L2,4,1,label_cell,False,0,False,False,False,False,False,nan,nan,nan,False,7.80477272147525
v3_sc0_staging_19,L2,4,1,geometry,False,0,False,False,False,False,False,nan,nan,nan,False,7.80477272147525
v3_sc0_staging_19,L2,4,1,label_only,False,1,False,False,False,False,False,nan,nan,nan,False,7.80477272147525
v3_sc0_staging_19,L2,4,1,pose_only,False,0,False,True,False,False,True,7.863351365237941,1.2000000000000002,0.2,True,7.80477272147525
v3_sc0_staging_19,L2,4,1,separate,False,1,False,False,False,False,False,nan,nan,nan,False,7.80477272147525
v3_sc0_staging_19,L2,4,1,joint,False,1,False,False,False,False,False,nan,nan,nan,False,7.80477272147525
v3_sc0_staging_19,L2,4,1,oracle,False,0,False,True,False,False,True,7.80477272147525,1.4500000000000002,0.20615528128088303,True,7.80477272147525
v3_sc0_staging_19,L2,4,2,uncalibrated,False,0,True,True,False,False,True,7.1411688245431435,1.4849242404917498,0.20615528128088303,True,7.082590180780457
v3_sc0_staging_19,L2,4,2,label_cell,False,0,False,False,False,False,False,nan,nan,nan,False,7.082590180780457
v3_sc0_staging_19,L2,4,2,geometry,False,0,False,False,False,False,False,nan,nan,nan,False,7.082590180780457
v3_sc0_staging_19,L2,4,2,label_only,False,1,False,False,False,False,False,nan,nan,nan,False,7.082590180780457
v3_sc0_staging_19,L2,4,2,pose_only,False,0,False,True,False,False,True,7.1411688245431435,1.4849242404917498,0.20615528128088303,True,7.082590180780457
v3_sc0_staging_19,L2,4,2,separate,False,1,False,False,False,False,False,nan,nan,nan,False,7.082590180780457
v3_sc0_staging_19,L2,4,2,joint,False,1,False,False,False,False,False,nan,nan,nan,False,7.082590180780457
v3_sc0_staging_19,L2,4,2,oracle,False,0,False,True,False,False,True,7.082590180780457,1.4849242404917498,0.20615528128088303,True,7.082590180780457
v3_sc0_staging_19,L2,4,3,uncalibrated,False,0,True,True,False,False,True,5.597056274847714,2.147673159491453,0.18027756377319948,True,5.538477631085024
v3_sc0_staging_19,L2,4,3,label_cell,False,0,False,False,False,False,False,nan,nan,nan,False,5.538477631085024
v3_sc0_staging_19,L2,4,3,geometry,False,0,False,False,False,False,False,nan,nan,nan,False,5.538477631085024
v3_sc0_staging_19,L2,4,3,label_only,False,1,False,False,False,False,False,nan,nan,nan,False,5.538477631085024
v3_sc0_staging_19,L2,4,3,pose_only,False,0,False,True,False,False,True,5.597056274847714,2.147673159491453,0.18027756377319948,True,5.538477631085024
v3_sc0_staging_19,L2,4,3,separate,False,1,False,False,False,False,False,nan,nan,nan,False,5.538477631085024
v3_sc0_staging_19,L2,4,3,joint,False,1,False,False,False,False,False,nan,nan,nan,False,5.538477631085024
v3_sc0_staging_19,L2,4,3,oracle,False,0,False,True,False,False,True,5.538477631085024,2.170829334609241,0.20615528128088303,True,5.538477631085024
v3_sc0_staging_19,L2,4,4,uncalibrated,False,0,True,True,False,False,True,2.9156854249492383,1.7585505395068974,0.28284271247461906,True,2.9156854249492383
v3_sc0_staging_19,L2,4,4,label_cell,False,0,False,False,False,False,False,nan,nan,nan,False,2.9156854249492383
v3_sc0_staging_19,L2,4,4,geometry,False,0,False,False,False,False,False,nan,nan,nan,False,2.9156854249492383
v3_sc0_staging_19,L2,4,4,label_only,False,1,False,False,False,False,False,nan,nan,nan,False,2.9156854249492383
v3_sc0_staging_19,L2,4,4,pose_only,False,0,False,True,False,False,True,2.9156854249492383,1.7585505395068974,0.28284271247461906,True,2.9156854249492383
v3_sc0_staging_19,L2,4,4,separate,False,1,False,False,False,False,False,nan,nan,nan,False,2.9156854249492383
v3_sc0_staging_19,L2,4,4,joint,False,1,False,False,False,False,False,nan,nan,nan,False,2.9156854249492383
v3_sc0_staging_19,L2,4,4,oracle,False,0,False,True,False,False,True,2.9156854249492383,1.7585505395068974,0.21213203435596426,True,2.9156854249492383
v3_sc0_staging_19,L2,4,5,uncalibrated,False,0,True,True,False,False,True,5.0571067811865476,2.186892772862904,0.223606797749979,True,4.957106781186548
v3_sc0_staging_19,L2,4,5,label_cell,False,0,False,False,False,False,False,nan,nan,nan,False,4.957106781186548
v3_sc0_staging_19,L2,4,5,geometry,False,0,False,False,False,False,False,nan,nan,nan,False,4.957106781186548
v3_sc0_staging_19,L2,4,5,label_only,False,1,False,False,False,False,False,nan,nan,nan,False,4.957106781186548
v3_sc0_staging_19,L2,4,5,pose_only,False,0,False,True,False,False,True,5.0571067811865476,2.186892772862904,0.223606797749979,True,4.957106781186548
v3_sc0_staging_19,L2,4,5,separate,False,1,False,False,False,False,False,nan,nan,nan,False,4.957106781186548
v3_sc0_staging_19,L2,4,5,joint,False,1,False,False,False,False,False,nan,nan,nan,False,4.957106781186548
v3_sc0_staging_19,L2,4,5,oracle,False,0,False,True,False,False,True,4.957106781186548,2.245551157288562,0.20615528128088303,True,4.957106781186548
v3_sc0_staging_19,L2,4,6,uncalibrated,False,0,True,False,False,False,False,nan,nan,nan,False,6.932590180780456
v3_sc0_staging_19,L2,4,6,label_cell,False,0,False,False,False,False,False,nan,nan,nan,False,6.932590180780456
v3_sc0_staging_19,L2,4,6,geometry,False,0,False,False,False,False,False,nan,nan,nan,False,6.932590180780456
v3_sc0_staging_19,L2,4,6,label_only,False,1,False,False,False,False,False,nan,nan,nan,False,6.932590180780456
v3_sc0_staging_19,L2,4,6,pose_only,False,0,False,False,False,False,False,nan,nan,nan,False,6.932590180780456
v3_sc0_staging_19,L2,4,6,separate,False,1,False,False,False,False,False,nan,nan,nan,False,6.932590180780456
v3_sc0_staging_19,L2,4,6,joint,False,1,False,False,False,False,False,nan,nan,nan,False,6.932590180780456
v3_sc0_staging_19,L2,4,6,oracle,False,0,False,True,False,False,True,6.932590180780456,1.8607794065928396,0.20615528128088303,True,6.932590180780456
v3_sc0_staging_19,L2,4,7,uncalibrated,False,0,True,True,False,False,True,9.114823227814083,1.3,0.20615528128088303,True,9.035533905932738
v3_sc0_staging_19,L2,4,7,label_cell,False,0,False,False,False,False,False,nan,nan,nan,False,9.035533905932738
v3_sc0_staging_19,L2,4,7,geometry,False,0,False,False,False,False,False,nan,nan,nan,False,9.035533905932738
v3_sc0_staging_19,L2,4,7,label_only,False,1,False,False,False,False,False,nan,nan,nan,False,9.035533905932738
v3_sc0_staging_19,L2,4,7,pose_only,False,0,False,True,False,False,True,9.114823227814083,1.3,0.20615528128088303,True,9.035533905932738
v3_sc0_staging_19,L2,4,7,separate,False,1,False,False,False,False,False,nan,nan,nan,False,9.035533905932738
v3_sc0_staging_19,L2,4,7,joint,False,1,False,False,False,False,False,nan,nan,nan,False,9.035533905932738
v3_sc0_staging_19,L2,4,7,oracle,False,0,False,True,False,False,True,9.035533905932738,1.3,0.20615528128088303,True,9.035533905932738
v3_sc0_staging_19,L2,4,8,uncalibrated,False,0,True,True,False,False,True,4.1000000000000005,1.9500000000000002,0.4,True,4.1000000000000005
v3_sc0_staging_19,L2,4,8,label_cell,False,0,False,True,False,False,True,4.253553390593274,1.7000000000000002,0.65,True,4.1000000000000005
v3_sc0_staging_19,L2,4,8,geometry,False,0,False,False,False,False,False,nan,nan,nan,False,4.1000000000000005
v3_sc0_staging_19,L2,4,8,label_only,False,1,False,False,False,False,False,nan,nan,nan,False,4.1000000000000005
v3_sc0_staging_19,L2,4,8,pose_only,False,0,False,True,False,False,True,4.1000000000000005,1.9500000000000002,0.4,True,4.1000000000000005
v3_sc0_staging_19,L2,4,8,separate,False,1,False,False,False,False,False,nan,nan,nan,False,4.1000000000000005
v3_sc0_staging_19,L2,4,8,joint,False,1,False,False,False,False,False,nan,nan,nan,False,4.1000000000000005
v3_sc0_staging_19,L2,4,8,oracle,False,0,False,True,False,False,True,4.1000000000000005,1.9500000000000002,0.4,True,4.1000000000000005
v3_sc0_staging_19,L2,4,9,uncalibrated,False,0,True,True,False,False,True,6.499137802864848,1.2000000000000002,0.2,True,6.499137802864848
v3_sc0_staging_19,L2,4,9,label_cell,False,0,False,False,False,False,False,nan,nan,nan,False,6.499137802864848
v3_sc0_staging_19,L2,4,9,geometry,False,0,False,False,False,False,False,nan,nan,nan,False,6.499137802864848
v3_sc0_staging_19,L2,4,9,label_only,False,1,False,False,False,False,False,nan,nan,nan,False,6.499137802864848
v3_sc0_staging_19,L2,4,9,pose_only,False,0,False,True,False,False,True,6.499137802864848,1.2000000000000002,0.2,True,6.499137802864848
v3_sc0_staging_19,L2,4,9,separate,False,1,False,False,False,False,False,nan,nan,nan,False,6.499137802864848
v3_sc0_staging_19,L2,4,9,joint,False,1,False,False,False,False,False,nan,nan,nan,False,6.499137802864848
v3_sc0_staging_19,L2,4,9,oracle,False,0,False,True,False,False,True,6.499137802864848,1.35,0.20615528128088303,True,6.499137802864848
v3_sc0_staging_19,L2,4,10,uncalibrated,False,0,True,True,False,False,True,7.881118318204312,1.3793114224133722,0.20615528128088303,True,7.793250352560278
v3_sc0_staging_19,L2,4,10,label_cell,False,0,False,False,False,False,False,nan,nan,nan,False,7.793250352560278
v3_sc0_staging_19,L2,4,10,geometry,False,0,False,False,False,False,False,nan,nan,nan,False,7.793250352560278
v3_sc0_staging_19,L2,4,10,label_only,False,1,False,False,False,False,False,nan,nan,nan,False,7.793250352560278
v3_sc0_staging_19,L2,4,10,pose_only,False,0,False,True,False,False,True,7.881118318204312,1.3793114224133722,0.20615528128088303,True,7.793250352560278
v3_sc0_staging_19,L2,4,10,separate,False,1,False,False,False,False,False,nan,nan,nan,False,7.793250352560278
v3_sc0_staging_19,L2,4,10,joint,False,1,False,False,False,False,False,nan,nan,nan,False,7.793250352560278
v3_sc0_staging_19,L2,4,10,oracle,False,0,False,True,False,False,True,7.793250352560278,1.3793114224133722,0.20615528128088303,True,7.793250352560278
v3_sc0_staging_19,L2,4,11,uncalibrated,False,0,True,True,False,False,True,10.108935777509513,1.1313708498984762,0.18027756377319948,True,10.021067811865477
v3_sc0_staging_19,L2,4,11,label_cell,False,0,False,False,False,False,False,nan,nan,nan,False,10.021067811865477
v3_sc0_staging_19,L2,4,11,geometry,False,0,False,False,False,False,False,nan,nan,nan,False,10.021067811865477
v3_sc0_staging_19,L2,4,11,label_only,False,1,False,False,False,False,False,nan,nan,nan,False,10.021067811865477
v3_sc0_staging_19,L2,4,11,pose_only,False,0,False,True,False,False,True,10.108935777509513,1.1313708498984762,0.18027756377319948,True,10.021067811865477
v3_sc0_staging_19,L2,4,11,separate,False,1,False,False,False,False,False,nan,nan,nan,False,10.021067811865477
v3_sc0_staging_19,L2,4,11,joint,False,1,False,False,False,False,False,nan,nan,nan,False,10.021067811865477
v3_sc0_staging_19,L2,4,11,oracle,False,0,False,True,False,False,True,10.021067811865477,1.1313708498984762,0.20615528128088303,True,10.021067811865477
v3_sc0_staging_19,L2,4,12,uncalibrated,False,0,True,True,False,False,True,6.312132034355965,1.2000000000000002,0.2,True,6.353553390593274
v3_sc0_staging_19,L2,4,12,label_cell,False,0,False,False,False,False,False,nan,nan,nan,False,6.353553390593274
v3_sc0_staging_19,L2,4,12,geometry,False,0,False,False,False,False,False,nan,nan,nan,False,6.353553390593274
v3_sc0_staging_19,L2,4,12,label_only,False,1,False,False,False,False,False,nan,nan,nan,False,6.353553390593274
v3_sc0_staging_19,L2,4,12,pose_only,False,0,False,True,False,False,True,6.312132034355965,1.2000000000000002,0.2,True,6.353553390593274
v3_sc0_staging_19,L2,4,12,separate,False,1,False,False,False,False,False,nan,nan,nan,False,6.353553390593274
v3_sc0_staging_19,L2,4,12,joint,False,1,False,False,False,False,False,nan,nan,nan,False,6.353553390593274
v3_sc0_staging_19,L2,4,12,oracle,False,0,False,True,False,False,True,6.353553390593274,1.2093386622447824,0.20615528128088303,True,6.353553390593274
v3_sc0_staging_19,L2,4,13,uncalibrated,False,0,True,True,False,False,True,7.615432893255073,1.1313708498984762,0.18027756377319948,True,7.556854249492386
v3_sc0_staging_19,L2,4,13,label_cell,False,0,False,False,False,False,False,nan,nan,nan,False,7.556854249492386
v3_sc0_staging_19,L2,4,13,geometry,False,0,False,False,False,False,False,nan,nan,nan,False,7.556854249492386
v3_sc0_staging_19,L2,4,13,label_only,False,1,False,False,False,False,False,nan,nan,nan,False,7.556854249492386
v3_sc0_staging_19,L2,4,13,pose_only,False,0,False,True,False,False,True,7.615432893255073,1.1313708498984762,0.18027756377319948,True,7.556854249492386
v3_sc0_staging_19,L2,4,13,separate,False,1,False,False,False,False,False,nan,nan,nan,False,7.556854249492386
v3_sc0_staging_19,L2,4,13,joint,False,1,False,False,False,False,False,nan,nan,nan,False,7.556854249492386
v3_sc0_staging_19,L2,4,13,oracle,False,0,False,True,False,False,True,7.556854249492386,1.1313708498984762,0.20615528128088303,True,7.556854249492386
v3_sc0_staging_19,L2,4,14,uncalibrated,False,0,True,True,False,False,True,5.153553390593274,1.3,0.30000000000000004,True,5.070710678118655
v3_sc0_staging_19,L2,4,14,label_cell,False,0,False,False,False,False,False,nan,nan,nan,False,5.070710678118655
v3_sc0_staging_19,L2,4,14,geometry,False,0,False,False,False,False,False,nan,nan,nan,False,5.070710678118655
v3_sc0_staging_19,L2,4,14,label_only,False,1,False,False,False,False,False,nan,nan,nan,False,5.070710678118655
v3_sc0_staging_19,L2,4,14,pose_only,False,0,False,True,False,False,True,5.153553390593274,1.3,0.30000000000000004,True,5.070710678118655
v3_sc0_staging_19,L2,4,14,separate,False,1,False,False,False,False,False,nan,nan,nan,False,5.070710678118655
v3_sc0_staging_19,L2,4,14,joint,False,1,False,False,False,False,False,nan,nan,nan,False,5.070710678118655
v3_sc0_staging_19,L2,4,14,oracle,False,0,False,True,False,False,True,5.070710678118655,1.4000000000000001,0.25,True,5.070710678118655
v3_sc0_staging_19,L2,4,15,uncalibrated,False,0,True,True,False,False,True,3.0571067811865476,1.9313207915827968,0.28284271247461906,True,3.015685424949238
v3_sc0_staging_19,L2,4,15,label_cell,False,0,False,False,False,False,False,nan,nan,nan,False,3.015685424949238
v3_sc0_staging_19,L2,4,15,geometry,False,0,False,False,False,False,False,nan,nan,nan,False,3.015685424949238
v3_sc0_staging_19,L2,4,15,label_only,False,1,False,False,False,False,False,nan,nan,nan,False,3.015685424949238
v3_sc0_staging_19,L2,4,15,pose_only,False,0,False,True,False,False,True,3.0571067811865476,1.9313207915827968,0.28284271247461906,True,3.015685424949238
v3_sc0_staging_19,L2,4,15,separate,False,1,False,False,False,False,False,nan,nan,nan,False,3.015685424949238
v3_sc0_staging_19,L2,4,15,joint,False,1,False,False,False,False,False,nan,nan,nan,False,3.015685424949238
v3_sc0_staging_19,L2,4,15,oracle,False,0,False,True,False,False,True,3.015685424949238,1.9313207915827968,0.20615528128088303,True,3.015685424949238
v3_sc0_staging_19,L2,4,16,uncalibrated,False,0,True,True,False,False,True,8.935533905932738,1.1313708498984762,0.18027756377319948,True,8.856244584051394
v3_sc0_staging_19,L2,4,16,label_cell,False,0,False,False,False,False,False,nan,nan,nan,False,8.856244584051394
v3_sc0_staging_19,L2,4,16,geometry,False,0,False,False,False,False,False,nan,nan,nan,False,8.856244584051394
v3_sc0_staging_19,L2,4,16,label_only,False,1,False,False,False,False,False,nan,nan,nan,False,8.856244584051394
v3_sc0_staging_19,L2,4,16,pose_only,False,0,False,True,False,False,True,8.935533905932738,1.1313708498984762,0.18027756377319948,True,8.856244584051394
v3_sc0_staging_19,L2,4,16,separate,False,1,False,False,False,False,False,nan,nan,nan,False,8.856244584051394
v3_sc0_staging_19,L2,4,16,joint,False,1,False,False,False,False,False,nan,nan,nan,False,8.856244584051394
v3_sc0_staging_19,L2,4,16,oracle,False,0,False,True,False,False,True,8.856244584051394,1.1313708498984762,0.20615528128088303,True,8.856244584051394
v3_sc0_staging_19,L2,4,17,uncalibrated,False,0,True,True,False,False,True,4.27842712474619,1.697056274847714,0.20615528128088303,True,4.2198484809835
v3_sc0_staging_19,L2,4,17,label_cell,False,0,False,False,False,False,False,nan,nan,nan,False,4.2198484809835
v3_sc0_staging_19,L2,4,17,geometry,False,0,False,False,False,False,False,nan,nan,nan,False,4.2198484809835
v3_sc0_staging_19,L2,4,17,label_only,False,1,False,False,False,False,False,nan,nan,nan,False,4.2198484809835
v3_sc0_staging_19,L2,4,17,pose_only,False,0,False,True,False,False,True,4.27842712474619,1.697056274847714,0.20615528128088303,True,4.2198484809835
v3_sc0_staging_19,L2,4,17,separate,False,1,False,False,False,False,False,nan,nan,nan,False,4.2198484809835
v3_sc0_staging_19,L2,4,17,joint,False,1,False,False,False,False,False,nan,nan,nan,False,4.2198484809835
v3_sc0_staging_19,L2,4,17,oracle,False,0,False,True,False,False,True,4.2198484809835,1.697056274847714,0.20615528128088303,True,4.2198484809835
v3_sc0_staging_19,L2,4,18,uncalibrated,False,0,True,True,False,False,True,4.583452377915606,2.109502310972899,0.21213203435596426,True,4.524873734152916
v3_sc0_staging_19,L2,4,18,label_cell,False,0,False,False,False,False,False,nan,nan,nan,False,4.524873734152916
v3_sc0_staging_19,L2,4,18,geometry,False,0,False,False,False,False,False,nan,nan,nan,False,4.524873734152916
v3_sc0_staging_19,L2,4,18,label_only,False,1,False,False,False,False,False,nan,nan,nan,False,4.524873734152916
v3_sc0_staging_19,L2,4,18,pose_only,False,0,False,True,False,False,True,4.583452377915606,2.109502310972899,0.21213203435596426,True,4.524873734152916
v3_sc0_staging_19,L2,4,18,separate,False,1,False,False,False,False,False,nan,nan,nan,False,4.524873734152916
v3_sc0_staging_19,L2,4,18,joint,False,1,False,False,False,False,False,nan,nan,nan,False,4.524873734152916
v3_sc0_staging_19,L2,4,18,oracle,False,0,False,True,False,False,True,4.524873734152916,2.109502310972899,0.20615528128088303,True,4.524873734152916
v3_sc0_staging_19,L2,4,19,uncalibrated,False,0,True,True,False,False,True,6.839949493661166,2.147673159491453,0.223606797749979,True,6.781370849898477
v3_sc0_staging_19,L2,4,19,label_cell,False,0,False,False,False,False,False,nan,nan,nan,False,6.781370849898477
v3_sc0_staging_19,L2,4,19,geometry,False,0,False,False,False,False,False,nan,nan,nan,False,6.781370849898477
v3_sc0_staging_19,L2,4,19,label_only,False,1,False,False,False,False,False,nan,nan,nan,False,6.781370849898477
v3_sc0_staging_19,L2,4,19,pose_only,False,0,False,True,False,False,True,6.839949493661166,2.147673159491453,0.223606797749979,True,6.781370849898477
v3_sc0_staging_19,L2,4,19,separate,False,1,False,False,False,False,False,nan,nan,nan,False,6.781370849898477
v3_sc0_staging_19,L2,4,19,joint,False,1,False,False,False,False,False,nan,nan,nan,False,6.781370849898477
v3_sc0_staging_19,L2,4,19,oracle,False,0,False,True,False,False,True,6.781370849898477,2.170829334609241,0.20615528128088303,True,6.781370849898477
v3_sc0_staging_19,L3,0,0,uncalibrated,False,0,True,True,False,False,True,5.109188309203677,2.245551157288562,0.20615528128088303,True,5.0091883092036795
v3_sc0_staging_19,L3,0,0,label_cell,False,0,True,False,False,False,False,nan,nan,nan,False,5.0091883092036795
v3_sc0_staging_19,L3,0,0,geometry,False,0,False,False,False,False,False,nan,nan,nan,False,5.0091883092036795
v3_sc0_staging_19,L3,0,0,label_only,False,1,False,False,False,False,False,nan,nan,nan,False,5.0091883092036795
v3_sc0_staging_19,L3,0,0,pose_only,False,0,False,True,False,False,True,5.109188309203677,2.245551157288562,0.20615528128088303,True,5.0091883092036795
v3_sc0_staging_19,L3,0,0,separate,False,1,False,False,False,False,False,nan,nan,nan,False,5.0091883092036795
v3_sc0_staging_19,L3,0,0,joint,False,0,False,True,False,False,True,5.109188309203677,2.245551157288562,0.20615528128088303,True,5.0091883092036795
v3_sc0_staging_19,L3,0,0,oracle,False,0,False,True,False,False,True,5.0091883092036795,2.245551157288562,0.20615528128088303,True,5.0091883092036795
v3_sc0_staging_19,L3,0,1,uncalibrated,False,0,True,True,False,False,True,7.863351365237941,1.4000000000000001,0.223606797749979,True,7.763351365237941
v3_sc0_staging_19,L3,0,1,label_cell,False,0,True,False,False,False,False,nan,nan,nan,False,7.763351365237941
v3_sc0_staging_19,L3,0,1,geometry,False,0,False,False,False,False,False,nan,nan,nan,False,7.763351365237941
v3_sc0_staging_19,L3,0,1,label_only,False,1,False,False,False,False,False,nan,nan,nan,False,7.763351365237941
v3_sc0_staging_19,L3,0,1,pose_only,False,0,False,True,False,False,True,7.863351365237941,1.4000000000000001,0.223606797749979,True,7.763351365237941
v3_sc0_staging_19,L3,0,1,separate,False,1,False,False,False,False,False,nan,nan,nan,False,7.763351365237941
v3_sc0_staging_19,L3,0,1,joint,False,0,False,True,False,False,True,7.863351365237941,1.55,0.223606797749979,True,7.763351365237941
v3_sc0_staging_19,L3,0,1,oracle,False,0,False,True,False,False,True,7.763351365237941,1.4000000000000001,0.20615528128088303,True,7.763351365237941
v3_sc0_staging_19,L3,0,2,uncalibrated,False,0,True,True,False,False,True,7.12045814642449,1.4849242404917498,0.20615528128088303,True,7.091168824543144
v3_sc0_staging_19,L3,0,2,label_cell,False,0,True,False,False,False,False,nan,nan,nan,False,7.091168824543144
v3_sc0_staging_19,L3,0,2,geometry,False,0,False,False,False,False,False,nan,nan,nan,False,7.091168824543144
v3_sc0_staging_19,L3,0,2,label_only,False,1,False,False,False,False,False,nan,nan,nan,False,7.091168824543144
v3_sc0_staging_19,L3,0,2,pose_only,False,0,False,True,False,False,True,7.12045814642449,1.4849242404917498,0.20615528128088303,True,7.091168824543144
v3_sc0_staging_19,L3,0,2,separate,False,1,False,False,False,False,False,nan,nan,nan,False,7.091168824543144
v3_sc0_staging_19,L3,0,2,joint,False,0,False,True,False,False,True,7.12045814642449,1.4849242404917498,0.20615528128088303,True,7.091168824543144
v3_sc0_staging_19,L3,0,2,oracle,False,0,False,True,False,False,True,7.091168824543144,1.4849242404917498,0.20615528128088303,True,7.091168824543144
v3_sc0_staging_19,L3,0,3,uncalibrated,False,0,True,True,False,False,True,5.597056274847714,2.19658826364888,0.20615528128088303,True,5.497056274847715
v3_sc0_staging_19,L3,0,3,label_cell,False,0,True,False,False,False,False,nan,nan,nan,False,5.497056274847715
v3_sc0_staging_19,L3,0,3,geometry,False,0,False,False,False,False,False,nan,nan,nan,False,5.497056274847715
v3_sc0_staging_19,L3,0,3,label_only,False,1,False,False,False,False,False,nan,nan,nan,False,5.497056274847715
v3_sc0_staging_19,L3,0,3,pose_only,False,0,False,True,False,False,True,5.597056274847714,2.19658826364888,0.20615528128088303,True,5.497056274847715
v3_sc0_staging_19,L3,0,3,separate,False,1,False,False,False,False,False,nan,nan,nan,False,5.497056274847715
v3_sc0_staging_19,L3,0,3,joint,False,0,False,True,False,False,True,5.597056274847714,2.19658826364888,0.20615528128088303,True,5.497056274847715
v3_sc0_staging_19,L3,0,3,oracle,False,0,False,True,False,False,True,5.497056274847715,2.19658826364888,0.20615528128088303,True,5.497056274847715
v3_sc0_staging_19,L3,0,4,uncalibrated,False,0,True,True,False,False,True,2.9363961030678927,1.7585505395068974,0.20615528128088303,True,2.9363961030678927
v3_sc0_staging_19,L3,0,4,label_cell,False,0,True,False,False,False,False,nan,nan,nan,False,2.9363961030678927
v3_sc0_staging_19,L3,0,4,geometry,False,0,False,False,False,False,False,nan,nan,nan,False,2.9363961030678927
v3_sc0_staging_19,L3,0,4,label_only,False,1,False,False,False,False,False,nan,nan,nan,False,2.9363961030678927
v3_sc0_staging_19,L3,0,4,pose_only,False,0,False,True,False,False,True,2.9363961030678927,1.7585505395068974,0.20615528128088303,True,2.9363961030678927
v3_sc0_staging_19,L3,0,4,separate,False,1,False,False,False,False,False,nan,nan,nan,False,2.9363961030678927
v3_sc0_staging_19,L3,0,4,joint,False,0,False,True,False,False,True,2.9363961030678927,1.7585505395068974,0.20615528128088303,True,2.9363961030678927
v3_sc0_staging_19,L3,0,4,oracle,False,0,False,True,False,False,True,2.9363961030678927,1.7585505395068974,0.20615528128088303,True,2.9363961030678927
v3_sc0_staging_19,L3,0,5,uncalibrated,False,0,True,True,False,False,True,5.027817459305203,2.23606797749979,0.20615528128088303,True,5.007106781186548
v3_sc0_staging_19,L3,0,5,label_cell,False,0,True,False,False,False,False,nan,nan,nan,False,5.007106781186548
v3_sc0_staging_19,L3,0,5,geometry,False,0,False,False,False,False,False,nan,nan,nan,False,5.007106781186548
v3_sc0_staging_19,L3,0,5,label_only,False,1,False,False,False,False,False,nan,nan,nan,False,5.007106781186548
v3_sc0_staging_19,L3,0,5,pose_only,False,0,False,True,False,False,True,5.027817459305203,2.23606797749979,0.20615528128088303,True,5.007106781186548
v3_sc0_staging_19,L3,0,5,separate,False,1,False,False,False,False,False,nan,nan,nan,False,5.007106781186548
v3_sc0_staging_19,L3,0,5,joint,False,0,False,True,False,False,True,5.027817459305203,2.23606797749979,0.20615528128088303,True,5.007106781186548
v3_sc0_staging_19,L3,0,5,oracle,False,0,False,True,False,False,True,5.007106781186548,2.23606797749979,0.20615528128088303,True,5.007106781186548
v3_sc0_staging_19,L3,0,6,uncalibrated,False,0,True,True,False,False,True,7.029036790187181,1.8357559750685821,0.20615528128088303,True,6.882590180780454
v3_sc0_staging_19,L3,0,6,label_cell,False,0,True,False,False,False,False,nan,nan,nan,False,6.882590180780454
v3_sc0_staging_19,L3,0,6,geometry,False,0,False,False,False,False,False,nan,nan,nan,False,6.882590180780454
v3_sc0_staging_19,L3,0,6,label_only,False,1,False,False,False,False,False,nan,nan,nan,False,6.882590180780454
v3_sc0_staging_19,L3,0,6,pose_only,False,0,False,True,False,False,True,7.029036790187181,1.8357559750685821,0.20615528128088303,True,6.882590180780454
v3_sc0_staging_19,L3,0,6,separate,False,1,False,False,False,False,False,nan,nan,nan,False,6.882590180780454
v3_sc0_staging_19,L3,0,6,joint,False,0,False,True,False,False,True,7.029036790187181,1.8357559750685821,0.20615528128088303,True,6.882590180780454
v3_sc0_staging_19,L3,0,6,oracle,False,0,False,True,False,False,True,6.882590180780454,1.8357559750685821,0.20615528128088303,True,6.882590180780454
v3_sc0_staging_19,L3,0,7,uncalibrated,False,0,True,True,False,False,True,9.09411254969543,1.3,0.20615528128088303,True,9.064823227814083
v3_sc0_staging_19,L3,0,7,label_cell,False,0,True,False,False,False,False,nan,nan,nan,False,9.064823227814083
v3_sc0_staging_19,L3,0,7,geometry,False,0,False,False,False,False,False,nan,nan,nan,False,9.064823227814083
v3_sc0_staging_19,L3,0,7,label_only,False,1,False,False,False,False,False,nan,nan,nan,False,9.064823227814083
v3_sc0_staging_19,L3,0,7,pose_only,False,0,False,True,False,False,True,9.09411254969543,1.3,0.20615528128088303,True,9.064823227814083
v3_sc0_staging_19,L3,0,7,separate,False,1,False,False,False,False,False,nan,nan,nan,False,9.064823227814083
v3_sc0_staging_19,L3,0,7,joint,False,0,False,True,False,False,True,9.301219330881976,1.55,0.20615528128088303,True,9.064823227814083
v3_sc0_staging_19,L3,0,7,oracle,False,0,False,True,False,False,True,9.064823227814083,1.3,0.20615528128088303,True,9.064823227814083
v3_sc0_staging_19,L3,0,8,uncalibrated,False,0,True,True,False,False,True,4.1000000000000005,2.0,0.35000000000000003,True,4.1000000000000005
v3_sc0_staging_19,L3,0,8,label_cell,False,0,True,True,False,False,True,4.203553390593274,1.75,0.6000000000000001,True,4.1000000000000005
v3_sc0_staging_19,L3,0,8,geometry,False,0,False,False,False,False,False,nan,nan,nan,False,4.1000000000000005
v3_sc0_staging_19,L3,0,8,label_only,False,1,False,False,False,False,False,nan,nan,nan,False,4.1000000000000005
v3_sc0_staging_19,L3,0,8,pose_only,False,0,False,True,False,False,True,4.1000000000000005,2.0,0.35000000000000003,True,4.1000000000000005
v3_sc0_staging_19,L3,0,8,separate,False,1,False,False,False,False,False,nan,nan,nan,False,4.1000000000000005
v3_sc0_staging_19,L3,0,8,joint,False,0,False,True,False,False,True,4.1000000000000005,2.0,0.35000000000000003,True,4.1000000000000005
v3_sc0_staging_19,L3,0,8,oracle,False,0,False,True,False,False,True,4.1000000000000005,2.0,0.35000000000000003,True,4.1000000000000005
v3_sc0_staging_19,L3,0,9,uncalibrated,False,0,True,True,False,False,True,6.507716446627538,1.3,0.223606797749979,True,6.478427124746192
v3_sc0_staging_19,L3,0,9,label_cell,False,0,True,False,False,False,False,nan,nan,nan,False,6.478427124746192
v3_sc0_staging_19,L3,0,9,geometry,False,0,False,False,False,False,False,nan,nan,nan,False,6.478427124746192
v3_sc0_staging_19,L3,0,9,label_only,False,1,False,False,False,False,False,nan,nan,nan,False,6.478427124746192
v3_sc0_staging_19,L3,0,9,pose_only,False,0,False,True,False,False,True,6.507716446627538,1.3,0.223606797749979,True,6.478427124746192
v3_sc0_staging_19,L3,0,9,separate,False,1,False,False,False,False,False,nan,nan,nan,False,6.478427124746192
v3_sc0_staging_19,L3,0,9,joint,False,0,False,True,False,False,True,6.714823227814086,1.55,0.223606797749979,True,6.478427124746192
v3_sc0_staging_19,L3,0,9,oracle,False,0,False,True,False,False,True,6.478427124746192,1.3,0.20615528128088303,True,6.478427124746192
v3_sc0_staging_19,L3,0,10,uncalibrated,False,0,True,True,False,False,True,7.948275605729695,1.3793114224133722,0.20615528128088303,True,7.772539674441624
v3_sc0_staging_19,L3,0,10,label_cell,False,0,True,False,False,False,False,nan,nan,nan,False,7.772539674441624
v3_sc0_staging_19,L3,0,10,geometry,False,0,False,False,False,False,False,nan,nan,nan,False,7.772539674441624
v3_sc0_staging_19,L3,0,10,label_only,False,1,False,False,False,False,False,nan,nan,nan,False,7.772539674441624
v3_sc0_staging_19,L3,0,10,pose_only,False,0,False,True,False,False,True,7.948275605729695,1.3793114224133722,0.20615528128088303,True,7.772539674441624
v3_sc0_staging_19,L3,0,10,separate,False,1,False,False,False,False,False,nan,nan,nan,False,7.772539674441624
v3_sc0_staging_19,L3,0,10,joint,False,0,False,True,False,False,True,7.948275605729695,1.3793114224133722,0.20615528128088303,True,7.772539674441624
v3_sc0_staging_19,L3,0,10,oracle,False,0,False,True,False,False,True,7.772539674441624,1.3793114224133722,0.20615528128088303,True,7.772539674441624
v3_sc0_staging_19,L3,0,11,uncalibrated,False,0,True,True,False,False,True,10.176093065034893,1.1313708498984762,0.18027756377319948,True,10.000357133746821
v3_sc0_staging_19,L3,0,11,label_cell,False,0,True,False,False,False,False,nan,nan,nan,False,10.000357133746821
v3_sc0_staging_19,L3,0,11,geometry,False,0,False,False,False,False,False,nan,nan,nan,False,10.000357133746821
v3_sc0_staging_19,L3,0,11,label_only,False,1,False,False,False,False,False,nan,nan,nan,False,10.000357133746821
v3_sc0_staging_19,L3,0,11,pose_only,False,0,False,True,False,False,True,10.176093065034893,1.1313708498984762,0.18027756377319948,True,10.000357133746821
v3_sc0_staging_19,L3,0,11,separate,False,1,False,False,False,False,False,nan,nan,nan,False,10.000357133746821
v3_sc0_staging_19,L3,0,11,joint,False,0,False,True,False,False,True,10.176093065034893,1.3793114224133722,0.20615528128088303,True,10.000357133746821
v3_sc0_staging_19,L3,0,11,oracle,False,0,False,True,False,False,True,10.000357133746821,1.1313708498984762,0.20615528128088303,True,10.000357133746821
v3_sc0_staging_19,L3,0,12,uncalibrated,False,0,True,True,False,False,True,6.312132034355964,1.1884864324004714,0.2,True,6.353553390593274
v3_sc0_staging_19,L3,0,12,label_cell,False,0,True,False,False,False,False,nan,nan,nan,False,6.353553390593274
v3_sc0_staging_19,L3,0,12,geometry,False,0,False,False,False,False,False,nan,nan,nan,False,6.353553390593274
v3_sc0_staging_19,L3,0,12,label_only,False,1,False,False,False,False,False,nan,nan,nan,False,6.353553390593274
v3_sc0_staging_19,L3,0,12,pose_only,False,0,False,True,False,False,True,6.312132034355964,1.1884864324004714,0.2,True,6.353553390593274
v3_sc0_staging_19,L3,0,12,separate,False,1,False,False,False,False,False,nan,nan,nan,False,6.353553390593274
v3_sc0_staging_19,L3,0,12,joint,False,0,False,True,False,False,True,6.602081528017132,1.5,0.21213203435596426,True,6.353553390593274
v3_sc0_staging_19,L3,0,12,oracle,False,0,False,True,False,False,True,6.353553390593274,1.25,0.25,True,6.353553390593274
v3_sc0_staging_19,L3,0,13,uncalibrated,False,0,True,True,False,False,True,7.6361435713737285,1.1313708498984762,0.18027756377319948,True,7.5361435713737315
v3_sc0_staging_19,L3,0,13,label_cell,False,0,True,False,False,False,False,nan,nan,nan,False,7.5361435713737315
v3_sc0_staging_19,L3,0,13,geometry,False,0,False,False,False,False,False,nan,nan,nan,False,7.5361435713737315
v3_sc0_staging_19,L3,0,13,label_only,False,1,False,False,False,False,False,nan,nan,nan,False,7.5361435713737315
v3_sc0_staging_19,L3,0,13,pose_only,False,0,False,True,False,False,True,7.6361435713737285,1.1313708498984762,0.18027756377319948,True,7.5361435713737315
v3_sc0_staging_19,L3,0,13,separate,False,1,False,False,False,False,False,nan,nan,nan,False,7.5361435713737315
v3_sc0_staging_19,L3,0,13,joint,False,0,False,True,False,False,True,7.6361435713737285,1.3793114224133722,0.223606797749979,True,7.5361435713737315
v3_sc0_staging_19,L3,0,13,oracle,False,0,False,True,False,False,True,7.5361435713737315,1.1313708498984762,0.20615528128088303,True,7.5361435713737315
v3_sc0_staging_19,L3,0,14,uncalibrated,False,0,True,True,False,False,True,5.112132034355964,1.35,0.30000000000000004,True,5.112132034355964
v3_sc0_staging_19,L3,0,14,label_cell,False,0,True,False,False,False,False,nan,nan,nan,False,5.112132034355964
v3_sc0_staging_19,L3,0,14,geometry,False,0,False,False,False,False,False,nan,nan,nan,False,5.112132034355964
v3_sc0_staging_19,L3,0,14,label_only,False,1,False,False,False,False,False,nan,nan,nan,False,5.112132034355964
v3_sc0_staging_19,L3,0,14,pose_only,False,0,False,True,False,False,True,5.112132034355964,1.35,0.30000000000000004,True,5.112132034355964
v3_sc0_staging_19,L3,0,14,separate,False,1,False,False,False,False,False,nan,nan,nan,False,5.112132034355964
v3_sc0_staging_19,L3,0,14,joint,False,0,False,True,False,False,True,5.13284271247462,1.55,0.30000000000000004,True,5.112132034355964
v3_sc0_staging_19,L3,0,14,oracle,False,0,False,True,False,False,True,5.112132034355964,1.35,0.30000000000000004,True,5.112132034355964
v3_sc0_staging_19,L3,0,15,uncalibrated,False,0,True,True,False,False,True,3.036396103067893,1.9313207915827968,0.21213203435596426,True,3.015685424949238
v3_sc0_staging_19,L3,0,15,label_cell,False,0,True,False,False,False,False,nan,nan,nan,False,3.015685424949238
v3_sc0_staging_19,L3,0,15,geometry,False,0,False,False,False,False,False,nan,nan,nan,False,3.015685424949238
v3_sc0_staging_19,L3,0,15,label_only,False,1,False,False,False,False,False,nan,nan,nan,False,3.015685424949238
v3_sc0_staging_19,L3,0,15,pose_only,False,0,False,True,False,False,True,3.036396103067893,1.9313207915827968,0.21213203435596426,True,3.015685424949238
v3_sc0_staging_19,L3,0,15,separate,False,1,False,False,False,False,False,nan,nan,nan,False,3.015685424949238
v3_sc0_staging_19,L3,0,15,joint,False,0,False,True,False,False,True,3.036396103067893,1.9313207915827968,0.21213203435596426,True,3.015685424949238
v3_sc0_staging_19,L3,0,15,oracle,False,0,False,True,False,False,True,3.015685424949238,1.9313207915827968,0.20615528128088303,True,3.015685424949238
v3_sc0_staging_19,L3,0,16,uncalibrated,False,0,True,True,False,False,True,8.89411254969543,1.1313708498984762,0.18027756377319948,True,8.88553390593274
v3_sc0_staging_19,L3,0,16,label_cell,False,0,True,False,False,False,False,nan,nan,nan,False,8.88553390593274
v3_sc0_staging_19,L3,0,16,geometry,False,0,False,False,False,False,False,nan,nan,nan,False,8.88553390593274
v3_sc0_staging_19,L3,0,16,label_only,False,1,False,False,False,False,False,nan,nan,nan,False,8.88553390593274
v3_sc0_staging_19,L3,0,16,pose_only,False,0,False,True,False,False,True,8.89411254969543,1.1313708498984762,0.18027756377319948,True,8.88553390593274
v3_sc0_staging_19,L3,0,16,separate,False,1,False,False,False,False,False,nan,nan,nan,False,8.88553390593274
v3_sc0_staging_19,L3,0,16,joint,False,0,False,True,False,False,True,9.12193000900063,1.3793114224133722,0.20615528128088303,True,8.88553390593274
v3_sc0_staging_19,L3,0,16,oracle,False,0,False,True,False,False,True,8.88553390593274,1.1313708498984762,0.20615528128088303,True,8.88553390593274
v3_sc0_staging_19,L3,0,17,uncalibrated,False,0,True,True,False,False,True,4.249137802864844,1.6620770138594663,0.25,True,4.2198484809835
v3_sc0_staging_19,L3,0,17,label_cell,False,0,True,False,False,False,False,nan,nan,nan,False,4.2198484809835
v3_sc0_staging_19,L3,0,17,geometry,False,0,False,False,False,False,False,nan,nan,nan,False,4.2198484809835
v3_sc0_staging_19,L3,0,17,label_only,False,1,False,False,False,False,False,nan,nan,nan,False,4.2198484809835
v3_sc0_staging_19,L3,0,17,pose_only,False,0,False,True,False,False,True,4.249137802864844,1.6620770138594663,0.25,True,4.2198484809835
v3_sc0_staging_19,L3,0,17,separate,False,1,False,False,False,False,False,nan,nan,nan,False,4.2198484809835
v3_sc0_staging_19,L3,0,17,joint,False,0,False,True,False,False,True,4.249137802864844,1.6620770138594663,0.25,True,4.2198484809835
v3_sc0_staging_19,L3,0,17,oracle,False,0,False,True,False,False,True,4.2198484809835,1.6620770138594663,0.20615528128088303,True,4.2198484809835
v3_sc0_staging_19,L3,0,18,uncalibrated,False,0,True,True,False,False,True,4.5748737341529155,2.164486082191336,0.20615528128088303,True,4.5748737341529155
v3_sc0_staging_19,L3,0,18,label_cell,False,0,True,False,False,False,False,nan,nan,nan,False,4.5748737341529155
v3_sc0_staging_19,L3,0,18,geometry,False,0,False,False,False,False,False,nan,nan,nan,False,4.5748737341529155
v3_sc0_staging_19,L3,0,18,label_only,False,1,False,False,False,False,False,nan,nan,nan,False,4.5748737341529155
v3_sc0_staging_19,L3,0,18,pose_only,False,0,False,True,False,False,True,4.5748737341529155,2.164486082191336,0.20615528128088303,True,4.5748737341529155
v3_sc0_staging_19,L3,0,18,separate,False,1,False,False,False,False,False,nan,nan,nan,False,4.5748737341529155
v3_sc0_staging_19,L3,0,18,joint,False,0,False,True,False,False,True,4.5748737341529155,2.164486082191336,0.20615528128088303,True,4.5748737341529155
v3_sc0_staging_19,L3,0,18,oracle,False,0,False,True,False,False,True,4.5748737341529155,2.1148285982556603,0.20615528128088303,True,4.5748737341529155
v3_sc0_staging_19,L3,0,19,uncalibrated,False,0,True,True,False,False,True,6.810660171779822,2.19658826364888,0.20615528128088303,True,6.810660171779822
v3_sc0_staging_19,L3,0,19,label_cell,False,0,True,False,False,False,False,nan,nan,nan,False,6.810660171779822
v3_sc0_staging_19,L3,0,19,geometry,False,0,False,False,False,False,False,nan,nan,nan,False,6.810660171779822
v3_sc0_staging_19,L3,0,19,label_only,False,1,False,False,False,False,False,nan,nan,nan,False,6.810660171779822
v3_sc0_staging_19,L3,0,19,pose_only,False,0,False,True,False,False,True,6.810660171779822,2.19658826364888,0.20615528128088303,True,6.810660171779822
v3_sc0_staging_19,L3,0,19,separate,False,1,False,False,False,False,False,nan,nan,nan,False,6.810660171779822
v3_sc0_staging_19,L3,0,19,joint,False,0,False,True,False,False,True,6.810660171779822,2.19658826364888,0.20615528128088303,True,6.810660171779822
v3_sc0_staging_19,L3,0,19,oracle,False,0,False,True,False,False,True,6.810660171779822,2.19658826364888,0.20615528128088303,True,6.810660171779822
v3_sc0_staging_19,L3,1,0,uncalibrated,False,0,True,True,False,False,True,5.109188309203678,2.219234102117215,0.21213203435596426,True,5.079898987322334
v3_sc0_staging_19,L3,1,0,label_cell,False,0,True,False,False,False,False,nan,nan,nan,False,5.079898987322334
v3_sc0_staging_19,L3,1,0,geometry,False,0,False,False,False,False,False,nan,nan,nan,False,5.079898987322334
v3_sc0_staging_19,L3,1,0,label_only,False,1,False,False,False,False,False,nan,nan,nan,False,5.079898987322334
v3_sc0_staging_19,L3,1,0,pose_only,False,0,False,True,False,False,True,5.109188309203678,2.219234102117215,0.21213203435596426,True,5.079898987322334
v3_sc0_staging_19,L3,1,0,separate,False,1,False,False,False,False,False,nan,nan,nan,False,5.079898987322334
v3_sc0_staging_19,L3,1,0,joint,False,0,False,True,False,False,True,5.109188309203678,2.219234102117215,0.21213203435596426,True,5.079898987322334
v3_sc0_staging_19,L3,1,0,oracle,False,0,False,True,False,False,True,5.079898987322334,2.2561028345356955,0.20615528128088303,True,5.079898987322334
v3_sc0_staging_19,L3,1,1,uncalibrated,False,0,True,True,False,False,True,7.85477272147525,1.4500000000000002,0.21213203435596426,True,7.784062043356595
v3_sc0_staging_19,L3,1,1,label_cell,False,0,True,False,False,False,False,nan,nan,nan,False,7.784062043356595
v3_sc0_staging_19,L3,1,1,geometry,False,0,False,False,False,False,False,nan,nan,nan,False,7.784062043356595
v3_sc0_staging_19,L3,1,1,label_only,False,1,False,False,False,False,False,nan,nan,nan,False,7.784062043356595
v3_sc0_staging_19,L3,1,1,pose_only,False,0,False,True,False,False,True,7.85477272147525,1.4500000000000002,0.21213203435596426,True,7.784062043356595
v3_sc0_staging_19,L3,1,1,separate,False,1,False,False,False,False,False,nan,nan,nan,False,7.784062043356595
v3_sc0_staging_19,L3,1,1,joint,False,0,False,True,False,False,True,7.854772721475249,1.6,0.21213203435596426,True,7.784062043356595
v3_sc0_staging_19,L3,1,1,oracle,False,0,False,True,False,False,True,7.784062043356595,1.4500000000000002,0.20615528128088303,True,7.784062043356595
v3_sc0_staging_19,L3,1,2,uncalibrated,False,0,True,True,False,False,True,7.082590180780457,1.520690632574555,0.20615528128088303,True,7.053300858899113
v3_sc0_staging_19,L3,1,2,label_cell,False,0,True,False,False,False,False,nan,nan,nan,False,7.053300858899113
v3_sc0_staging_19,L3,1,2,geometry,False,0,False,False,False,False,False,nan,nan,nan,False,7.053300858899113
v3_sc0_staging_19,L3,1,2,label_only,False,1,False,False,False,False,False,nan,nan,nan,False,7.053300858899113
v3_sc0_staging_19,L3,1,2,pose_only,False,0,False,True,False,False,True,7.082590180780457,1.520690632574555,0.20615528128088303,True,7.053300858899113
v3_sc0_staging_19,L3,1,2,separate,False,1,False,False,False,False,False,nan,nan,nan,False,7.053300858899113
v3_sc0_staging_19,L3,1,2,joint,False,0,False,True,False,False,True,7.082590180780457,1.520690632574555,0.20615528128088303,True,7.053300858899113
v3_sc0_staging_19,L3,1,2,oracle,False,0,False,True,False,False,True,7.053300858899113,1.520690632574555,0.20615528128088303,True,7.053300858899113
v3_sc0_staging_19,L3,1,3,uncalibrated,False,0,True,True,False,False,True,5.597056274847715,2.1360009363293826,0.20615528128088303,True,5.56776695296637
v3_sc0_staging_19,L3,1,3,label_cell,False,0,True,False,False,False,False,nan,nan,nan,False,5.56776695296637
v3_sc0_staging_19,L3,1,3,geometry,False,0,False,False,False,False,False,nan,nan,nan,False,5.56776695296637
v3_sc0_staging_19,L3,1,3,label_only,False,1,False,False,False,False,False,nan,nan,nan,False,5.56776695296637
v3_sc0_staging_19,L3,1,3,pose_only,False,0,False,True,False,False,True,5.597056274847715,2.1360009363293826,0.20615528128088303,True,5.56776695296637
v3_sc0_staging_19,L3,1,3,separate,False,1,False,False,False,False,False,nan,nan,nan,False,5.56776695296637
v3_sc0_staging_19,L3,1,3,joint,False,0,False,True,False,False,True,5.597056274847715,2.1360009363293826,0.20615528128088303,True,5.56776695296637
v3_sc0_staging_19,L3,1,3,oracle,False,0,False,True,False,False,True,5.56776695296637,2.245551157288562,0.20615528128088303,True,5.56776695296637
v3_sc0_staging_19,L3,1,4,uncalibrated,False,0,True,True,False,False,True,2.965685424949238,1.7240939649566667,0.21213203435596426,True,2.965685424949238
v3_sc0_staging_19,L3,1,4,label_cell,False,0,True,False,False,False,False,nan,nan,nan,False,2.965685424949238
v3_sc0_staging_19,L3,1,4,geometry,False,0,False,False,False,False,False,nan,nan,nan,False,2.965685424949238
v3_sc0_staging_19,L3,1,4,label_only,False,1,False,False,False,False,False,nan,nan,nan,False,2.965685424949238
v3_sc0_staging_19,L3,1,4,pose_only,False,0,False,True,False,False,True,2.965685424949238,1.7240939649566667,0.21213203435596426,True,2.965685424949238
v3_sc0_staging_19,L3,1,4,separate,False,1,False,False,False,False,False,nan,nan,nan,False,2.965685424949238
v3_sc0_staging_19,L3,1,4,joint,False,0,False,True,False,False,True,2.965685424949238,1.7240939649566667,0.21213203435596426,True,2.965685424949238
v3_sc0_staging_19,L3,1,4,oracle,False,0,False,True,False,False,True,2.965685424949238,1.7240939649566667,0.21213203435596426,True,2.965685424949238
v3_sc0_staging_19,L3,1,5,uncalibrated,False,0,True,True,False,False,True,4.957106781186548,2.2073740054644118,0.20615528128088303,True,4.915685424949238
v3_sc0_staging_19,L3,1,5,label_cell,False,0,True,False,False,False,False,nan,nan,nan,False,4.915685424949238
v3_sc0_staging_19,L3,1,5,geometry,False,0,False,False,False,False,False,nan,nan,nan,False,4.915685424949238
v3_sc0_staging_19,L3,1,5,label_only,False,1,False,False,False,False,False,nan,nan,nan,False,4.915685424949238
v3_sc0_staging_19,L3,1,5,pose_only,False,0,False,True,False,False,True,4.957106781186548,2.2073740054644118,0.20615528128088303,True,4.915685424949238
v3_sc0_staging_19,L3,1,5,separate,False,1,False,False,False,False,False,nan,nan,nan,False,4.915685424949238
v3_sc0_staging_19,L3,1,5,joint,False,0,False,True,False,False,True,4.957106781186548,2.2073740054644118,0.20615528128088303,True,4.915685424949238
v3_sc0_staging_19,L3,1,5,oracle,False,0,False,True,False,False,True,4.915685424949238,2.245551157288562,0.20615528128088303,True,4.915685424949238
v3_sc0_staging_19,L3,1,6,uncalibrated,False,0,True,True,False,False,True,6.941168824543147,1.8439088914585775,0.20615528128088303,True,6.882590180780454
v3_sc0_staging_19,L3,1,6,label_cell,False,0,True,False,False,False,False,nan,nan,nan,False,6.882590180780454
v3_sc0_staging_19,L3,1,6,geometry,False,0,False,False,False,False,False,nan,nan,nan,False,6.882590180780454
v3_sc0_staging_19,L3,1,6,label_only,False,1,False,False,False,False,False,nan,nan,nan,False,6.882590180780454
v3_sc0_staging_19,L3,1,6,pose_only,False,0,False,True,False,False,True,6.941168824543147,1.8439088914585775,0.20615528128088303,True,6.882590180780454
v3_sc0_staging_19,L3,1,6,separate,False,1,False,False,False,False,False,nan,nan,nan,False,6.882590180780454
v3_sc0_staging_19,L3,1,6,joint,False,0,False,True,False,False,True,6.941168824543147,1.8439088914585775,0.20615528128088303,True,6.882590180780454
v3_sc0_staging_19,L3,1,6,oracle,False,0,False,True,False,False,True,6.882590180780454,1.8721645226849057,0.20615528128088303,True,6.882590180780454
v3_sc0_staging_19,L3,1,7,uncalibrated,False,0,True,True,False,False,True,9.106244584051394,1.35,0.21213203435596426,True,9.056244584051393
v3_sc0_staging_19,L3,1,7,label_cell,False,0,True,False,False,False,False,nan,nan,nan,False,9.056244584051393
v3_sc0_staging_19,L3,1,7,geometry,False,0,False,False,False,False,False,nan,nan,nan,False,9.056244584051393
v3_sc0_staging_19,L3,1,7,label_only,False,1,False,False,False,False,False,nan,nan,nan,False,9.056244584051393
v3_sc0_staging_19,L3,1,7,pose_only,False,0,False,True,False,False,True,9.106244584051394,1.35,0.21213203435596426,True,9.056244584051393
v3_sc0_staging_19,L3,1,7,separate,False,1,False,False,False,False,False,nan,nan,nan,False,9.056244584051393
v3_sc0_staging_19,L3,1,7,joint,False,0,False,True,False,False,True,9.31335136523794,1.6,0.21213203435596426,True,9.056244584051393
v3_sc0_staging_19,L3,1,7,oracle,False,0,False,True,False,False,True,9.056244584051393,1.35,0.20615528128088303,True,9.056244584051393
v3_sc0_staging_19,L3,1,8,uncalibrated,False,0,True,True,False,False,True,4.1000000000000005,1.9000000000000001,0.4,True,4.1000000000000005
v3_sc0_staging_19,L3,1,8,label_cell,False,0,True,True,False,False,True,4.203553390593274,1.746424919657298,0.55,True,4.1000000000000005
v3_sc0_staging_19,L3,1,8,geometry,False,0,False,False,False,False,False,nan,nan,nan,False,4.1000000000000005
v3_sc0_staging_19,L3,1,8,label_only,False,1,False,False,False,False,False,nan,nan,nan,False,4.1000000000000005
v3_sc0_staging_19,L3,1,8,pose_only,False,0,False,True,False,False,True,4.1000000000000005,1.9000000000000001,0.4,True,4.1000000000000005
v3_sc0_staging_19,L3,1,8,separate,False,1,False,False,False,False,False,nan,nan,nan,False,4.1000000000000005
v3_sc0_staging_19,L3,1,8,joint,False,0,False,True,False,False,True,4.1000000000000005,1.9000000000000001,0.4,True,4.1000000000000005
v3_sc0_staging_19,L3,1,8,oracle,False,0,False,True,False,False,True,4.1000000000000005,1.9000000000000001,0.4,True,4.1000000000000005
v3_sc0_staging_19,L3,1,9,uncalibrated,False,0,True,True,False,False,True,6.499137802864848,1.35,0.25,True,6.469848480983501
v3_sc0_staging_19,L3,1,9,label_cell,False,0,True,False,False,False,False,nan,nan,nan,False,6.469848480983501
v3_sc0_staging_19,L3,1,9,geometry,False,0,False,False,False,False,False,nan,nan,nan,False,6.469848480983501
v3_sc0_staging_19,L3,1,9,label_only,False,1,False,False,False,False,False,nan,nan,nan,False,6.469848480983501
v3_sc0_staging_19,L3,1,9,pose_only,False,0,False,True,False,False,True,6.499137802864848,1.35,0.25,True,6.469848480983501
v3_sc0_staging_19,L3,1,9,separate,False,1,False,False,False,False,False,nan,nan,nan,False,6.469848480983501
v3_sc0_staging_19,L3,1,9,joint,False,0,False,True,False,False,True,6.706244584051395,1.6,0.25,True,6.469848480983501
v3_sc0_staging_19,L3,1,9,oracle,False,0,False,True,False,False,True,6.469848480983501,1.35,0.20615528128088303,True,6.469848480983501
v3_sc0_staging_19,L3,1,10,uncalibrated,False,0,True,True,False,False,True,7.851828996322965,1.4142135623730951,0.21213203435596426,True,7.763961030678934
v3_sc0_staging_19,L3,1,10,label_cell,False,0,True,False,False,False,False,nan,nan,nan,False,7.763961030678934
v3_sc0_staging_19,L3,1,10,geometry,False,0,False,False,False,False,False,nan,nan,nan,False,7.763961030678934
v3_sc0_staging_19,L3,1,10,label_only,False,1,False,False,False,False,False,nan,nan,nan,False,7.763961030678934
v3_sc0_staging_19,L3,1,10,pose_only,False,0,False,True,False,False,True,7.851828996322965,1.4142135623730951,0.21213203435596426,True,7.763961030678934
v3_sc0_staging_19,L3,1,10,separate,False,1,False,False,False,False,False,nan,nan,nan,False,7.763961030678934
v3_sc0_staging_19,L3,1,10,joint,False,0,False,True,False,False,True,7.851828996322965,1.5524174696260025,0.21213203435596426,True,7.763961030678934
v3_sc0_staging_19,L3,1,10,oracle,False,0,False,True,False,False,True,7.763961030678934,1.4142135623730951,0.20615528128088303,True,7.763961030678934
v3_sc0_staging_19,L3,1,11,uncalibrated,False,0,True,True,False,False,True,10.100357133746822,1.2379418403139948,0.20615528128088303,True,10.012489168102785
v3_sc0_staging_19,L3,1,11,label_cell,False,0,True,False,False,False,False,nan,nan,nan,False,10.012489168102785
v3_sc0_staging_19,L3,1,11,geometry,False,0,False,False,False,False,False,nan,nan,nan,False,10.012489168102785
v3_sc0_staging_19,L3,1,11,label_only,False,1,False,False,False,False,False,nan,nan,nan,False,10.012489168102785
v3_sc0_staging_19,L3,1,11,pose_only,False,0,False,True,False,False,True,10.100357133746822,1.2379418403139948,0.20615528128088303,True,10.012489168102785
v3_sc0_staging_19,L3,1,11,separate,False,1,False,False,False,False,False,nan,nan,nan,False,10.012489168102785
v3_sc0_staging_19,L3,1,11,joint,False,0,False,True,False,False,True,10.100357133746822,1.4637281168304448,0.20615528128088303,True,10.012489168102785
v3_sc0_staging_19,L3,1,11,oracle,False,0,False,True,False,False,True,10.012489168102785,1.1672617529928753,0.20615528128088303,True,10.012489168102785
v3_sc0_staging_19,L3,1,12,uncalibrated,False,0,True,True,False,False,True,6.374264068711929,1.3,0.30000000000000004,True,6.332842712474619
v3_sc0_staging_19,L3,1,12,label_cell,False,0,True,False,False,False,False,nan,nan,nan,False,6.332842712474619
v3_sc0_staging_19,L3,1,12,geometry,False,0,False,False,False,False,False,nan,nan,nan,False,6.332842712474619
v3_sc0_staging_19,L3,1,12,label_only,False,1,False,False,False,False,False,nan,nan,nan,False,6.332842712474619
v3_sc0_staging_19,L3,1,12,pose_only,False,0,False,True,False,False,True,6.374264068711929,1.3,0.30000000000000004,True,6.332842712474619
v3_sc0_staging_19,L3,1,12,separate,False,1,False,False,False,False,False,nan,nan,nan,False,6.332842712474619
v3_sc0_staging_19,L3,1,12,joint,False,0,False,True,False,False,True,6.622792206135788,1.4637281168304448,0.25,True,6.332842712474619
v3_sc0_staging_19,L3,1,12,oracle,False,0,False,True,False,False,True,6.332842712474619,1.216552506059644,0.20615528128088303,True,6.332842712474619
v3_sc0_staging_19,L3,1,13,uncalibrated,False,0,True,True,False,False,True,7.627564927611042,1.2379418403139948,0.20615528128088303,True,7.556854249492385
v3_sc0_staging_19,L3,1,13,label_cell,False,0,True,False,False,False,False,nan,nan,nan,False,7.556854249492385
v3_sc0_staging_19,L3,1,13,geometry,False,0,False,False,False,False,False,nan,nan,nan,False,7.556854249492385
v3_sc0_staging_19,L3,1,13,label_only,False,1,False,False,False,False,False,nan,nan,nan,False,7.556854249492385
v3_sc0_staging_19,L3,1,13,pose_only,False,0,False,True,False,False,True,7.627564927611042,1.2379418403139948,0.20615528128088303,True,7.556854249492385
v3_sc0_staging_19,L3,1,13,separate,False,1,False,False,False,False,False,nan,nan,nan,False,7.556854249492385
v3_sc0_staging_19,L3,1,13,joint,False,0,False,True,False,False,True,7.62756492761104,1.4637281168304448,0.20615528128088303,True,7.556854249492385
v3_sc0_staging_19,L3,1,13,oracle,False,0,False,True,False,False,True,7.556854249492385,1.1672617529928753,0.20615528128088303,True,7.556854249492385
v3_sc0_staging_19,L3,1,14,uncalibrated,False,0,True,True,False,False,True,5.112132034355964,1.35,0.35000000000000003,True,5.070710678118655
v3_sc0_staging_19,L3,1,14,label_cell,False,0,True,False,False,False,False,nan,nan,nan,False,5.070710678118655
v3_sc0_staging_19,L3,1,14,geometry,False,0,False,False,False,False,False,nan,nan,nan,False,5.070710678118655
v3_sc0_staging_19,L3,1,14,label_only,False,1,False,False,False,False,False,nan,nan,nan,False,5.070710678118655
v3_sc0_staging_19,L3,1,14,pose_only,False,0,False,True,False,False,True,5.112132034355964,1.35,0.35000000000000003,True,5.070710678118655
v3_sc0_staging_19,L3,1,14,separate,False,1,False,False,False,False,False,nan,nan,nan,False,5.070710678118655
v3_sc0_staging_19,L3,1,14,joint,False,0,False,True,False,False,True,5.1742640687119295,1.6,0.32015621187164245,True,5.070710678118655
v3_sc0_staging_19,L3,1,14,oracle,False,0,False,True,False,False,True,5.070710678118655,1.4000000000000001,0.30000000000000004,True,5.070710678118655
v3_sc0_staging_19,L3,1,15,uncalibrated,False,0,True,True,False,False,True,3.036396103067893,1.913765920900464,0.25,True,2.994974746830583
v3_sc0_staging_19,L3,1,15,label_cell,False,0,True,False,False,False,False,nan,nan,nan,False,2.994974746830583
v3_sc0_staging_19,L3,1,15,geometry,False,0,False,False,False,False,False,nan,nan,nan,False,2.994974746830583
v3_sc0_staging_19,L3,1,15,label_only,False,1,False,False,False,False,False,nan,nan,nan,False,2.994974746830583
v3_sc0_staging_19,L3,1,15,pose_only,False,0,False,True,False,False,True,3.036396103067893,1.913765920900464,0.25,True,2.994974746830583
v3_sc0_staging_19,L3,1,15,separate,False,1,False,False,False,False,False,nan,nan,nan,False,2.994974746830583
v3_sc0_staging_19,L3,1,15,joint,False,0,False,True,False,False,True,3.036396103067893,1.913765920900464,0.25,True,2.994974746830583
v3_sc0_staging_19,L3,1,15,oracle,False,0,False,True,False,False,True,2.994974746830583,1.913765920900464,0.20615528128088303,True,2.994974746830583
v3_sc0_staging_19,L3,1,16,uncalibrated,False,0,True,True,False,False,True,8.926955262170047,1.2379418403139948,0.20615528128088303,True,8.835533905932738
v3_sc0_staging_19,L3,1,16,label_cell,False,0,True,False,False,False,False,nan,nan,nan,False,8.835533905932738
v3_sc0_staging_19,L3,1,16,geometry,False,0,False,False,False,False,False,nan,nan,nan,False,8.835533905932738
v3_sc0_staging_19,L3,1,16,label_only,False,1,False,False,False,False,False,nan,nan,nan,False,8.835533905932738
v3_sc0_staging_19,L3,1,16,pose_only,False,0,False,True,False,False,True,8.926955262170047,1.2379418403139948,0.20615528128088303,True,8.835533905932738
v3_sc0_staging_19,L3,1,16,separate,False,1,False,False,False,False,False,nan,nan,nan,False,8.835533905932738
v3_sc0_staging_19,L3,1,16,joint,False,0,False,True,False,False,True,9.154772721475252,1.4637281168304448,0.20615528128088303,True,8.835533905932738
v3_sc0_staging_19,L3,1,16,oracle,False,0,False,True,False,False,True,8.835533905932738,1.1672617529928753,0.20615528128088303,True,8.835533905932738
v3_sc0_staging_19,L3,1,17,uncalibrated,False,0,True,True,False,False,True,4.2698484809835,1.6620770138594663,0.21213203435596426,True,4.2698484809835
v3_sc0_staging_19,L3,1,17,label_cell,False,0,True,False,False,False,False,nan,nan,nan,False,4.2698484809835
v3_sc0_staging_19,L3,1,17,geometry,False,0,False,False,False,False,False,nan,nan,nan,False,4.2698484809835
v3_sc0_staging_19,L3,1,17,label_only,False,1,False,False,False,False,False,nan,nan,nan,False,4.2698484809835
v3_sc0_staging_19,L3,1,17,pose_only,False,0,False,True,False,False,True,4.2698484809835,1.6620770138594663,0.21213203435596426,True,4.2698484809835
v3_sc0_staging_19,L3,1,17,separate,False,1,False,False,False,False,False,nan,nan,nan,False,4.2698484809835
v3_sc0_staging_19,L3,1,17,joint,False,0,False,True,False,False,True,4.2698484809835,1.6620770138594663,0.21213203435596426,True,4.2698484809835
v3_sc0_staging_19,L3,1,17,oracle,False,0,False,True,False,False,True,4.2698484809835,1.6620770138594663,0.20615528128088303,True,4.2698484809835
v3_sc0_staging_19,L3,1,18,uncalibrated,False,0,True,True,False,False,True,4.59558441227157,2.1592822881689187,0.21213203435596426,True,4.59558441227157
v3_sc0_staging_19,L3,1,18,label_cell,False,0,True,False,False,False,False,nan,nan,nan,False,4.59558441227157
v3_sc0_staging_19,L3,1,18,geometry,False,0,False,False,False,False,False,nan,nan,nan,False,4.59558441227157
v3_sc0_staging_19,L3,1,18,label_only,False,1,False,False,False,False,False,nan,nan,nan,False,4.59558441227157
v3_sc0_staging_19,L3,1,18,pose_only,False,0,False,True,False,False,True,4.59558441227157,2.1592822881689187,0.21213203435596426,True,4.59558441227157
v3_sc0_staging_19,L3,1,18,separate,False,1,False,False,False,False,False,nan,nan,nan,False,4.59558441227157
v3_sc0_staging_19,L3,1,18,joint,False,0,False,True,False,False,True,4.59558441227157,2.1592822881689187,0.21213203435596426,True,4.59558441227157
v3_sc0_staging_19,L3,1,18,oracle,False,0,False,True,False,False,True,4.59558441227157,2.1592822881689187,0.20615528128088303,True,4.59558441227157
v3_sc0_staging_19,L3,1,19,uncalibrated,False,0,True,True,False,False,True,6.8520815280171306,2.102974084481309,0.20615528128088303,True,6.8520815280171306
v3_sc0_staging_19,L3,1,19,label_cell,False,0,True,False,False,False,False,nan,nan,nan,False,6.8520815280171306
v3_sc0_staging_19,L3,1,19,geometry,False,0,False,False,False,False,False,nan,nan,nan,False,6.8520815280171306
v3_sc0_staging_19,L3,1,19,label_only,False,1,False,False,False,False,False,nan,nan,nan,False,6.8520815280171306
v3_sc0_staging_19,L3,1,19,pose_only,False,0,False,True,False,False,True,6.8520815280171306,2.102974084481309,0.20615528128088303,True,6.8520815280171306
v3_sc0_staging_19,L3,1,19,separate,False,1,False,False,False,False,False,nan,nan,nan,False,6.8520815280171306
v3_sc0_staging_19,L3,1,19,joint,False,0,False,True,False,False,True,6.8520815280171306,2.102974084481309,0.20615528128088303,True,6.8520815280171306
v3_sc0_staging_19,L3,1,19,oracle,False,0,False,True,False,False,True,6.8520815280171306,2.102974084481309,0.20615528128088303,True,6.8520815280171306
v3_sc0_staging_19,L3,2,0,uncalibrated,False,0,True,True,False,False,True,5.050609665440988,2.280350850198276,0.20615528128088303,True,5.021320343559643
v3_sc0_staging_19,L3,2,0,label_cell,False,0,False,False,False,False,False,nan,nan,nan,False,5.021320343559643
v3_sc0_staging_19,L3,2,0,geometry,False,0,False,False,False,False,False,nan,nan,nan,False,5.021320343559643
v3_sc0_staging_19,L3,2,0,label_only,False,1,False,False,False,False,False,nan,nan,nan,False,5.021320343559643
v3_sc0_staging_19,L3,2,0,pose_only,False,0,False,True,False,False,True,5.050609665440988,2.280350850198276,0.20615528128088303,True,5.021320343559643
v3_sc0_staging_19,L3,2,0,separate,False,1,False,False,False,False,False,nan,nan,nan,False,5.021320343559643
v3_sc0_staging_19,L3,2,0,joint,False,0,False,True,False,False,True,5.050609665440988,2.280350850198276,0.20615528128088303,True,5.021320343559643
v3_sc0_staging_19,L3,2,0,oracle,False,0,False,True,False,False,True,5.021320343559643,2.280350850198276,0.20615528128088303,True,5.021320343559643
v3_sc0_staging_19,L3,2,1,uncalibrated,False,0,True,True,False,False,True,7.84619407771256,1.25,0.21213203435596426,True,7.775483399593904
v3_sc0_staging_19,L3,2,1,label_cell,False,0,False,False,False,False,False,nan,nan,nan,False,7.775483399593904
v3_sc0_staging_19,L3,2,1,geometry,False,0,False,False,False,False,False,nan,nan,nan,False,7.775483399593904
v3_sc0_staging_19,L3,2,1,label_only,False,1,False,False,False,False,False,nan,nan,nan,False,7.775483399593904
v3_sc0_staging_19,L3,2,1,pose_only,False,0,False,True,False,False,True,7.84619407771256,1.25,0.21213203435596426,True,7.775483399593904
v3_sc0_staging_19,L3,2,1,separate,False,1,False,False,False,False,False,nan,nan,nan,False,7.775483399593904
v3_sc0_staging_19,L3,2,1,joint,False,0,False,True,False,False,True,7.84619407771256,1.5,0.21213203435596426,True,7.775483399593904
v3_sc0_staging_19,L3,2,1,oracle,False,0,False,True,False,False,True,7.775483399593904,1.25,0.20615528128088303,True,7.775483399593904
v3_sc0_staging_19,L3,2,2,uncalibrated,False,0,True,True,False,False,True,7.024011537017765,1.520690632574555,0.20615528128088303,True,6.99472221513642
v3_sc0_staging_19,L3,2,2,label_cell,False,0,False,False,False,False,False,nan,nan,nan,False,6.99472221513642
v3_sc0_staging_19,L3,2,2,geometry,False,0,False,False,False,False,False,nan,nan,nan,False,6.99472221513642
v3_sc0_staging_19,L3,2,2,label_only,False,1,False,False,False,False,False,nan,nan,nan,False,6.99472221513642
v3_sc0_staging_19,L3,2,2,pose_only,False,0,False,True,False,False,True,7.024011537017765,1.520690632574555,0.20615528128088303,True,6.99472221513642
v3_sc0_staging_19,L3,2,2,separate,False,1,False,False,False,False,False,nan,nan,nan,False,6.99472221513642
v3_sc0_staging_19,L3,2,2,joint,False,0,False,True,False,False,True,7.024011537017765,1.520690632574555,0.20615528128088303,True,6.99472221513642
v3_sc0_staging_19,L3,2,2,oracle,False,0,False,True,False,False,True,6.99472221513642,1.520690632574555,0.20615528128088303,True,6.99472221513642
v3_sc0_staging_19,L3,2,3,uncalibrated,False,0,True,True,False,False,True,5.5591883092036785,2.198294793698061,0.20615528128088303,True,5.529898987322333
v3_sc0_staging_19,L3,2,3,label_cell,False,0,False,False,False,False,False,nan,nan,nan,False,5.529898987322333
v3_sc0_staging_19,L3,2,3,geometry,False,0,False,False,False,False,False,nan,nan,nan,False,5.529898987322333
v3_sc0_staging_19,L3,2,3,label_only,False,1,False,False,False,False,False,nan,nan,nan,False,5.529898987322333
v3_sc0_staging_19,L3,2,3,pose_only,False,0,False,True,False,False,True,5.5591883092036785,2.198294793698061,0.20615528128088303,True,5.529898987322333
v3_sc0_staging_19,L3,2,3,separate,False,1,False,False,False,False,False,nan,nan,nan,False,5.529898987322333
v3_sc0_staging_19,L3,2,3,joint,False,0,False,True,False,False,True,5.5591883092036785,2.198294793698061,0.20615528128088303,True,5.529898987322333
v3_sc0_staging_19,L3,2,3,oracle,False,0,False,True,False,False,True,5.529898987322333,2.198294793698061,0.20615528128088303,True,5.529898987322333
v3_sc0_staging_19,L3,2,4,uncalibrated,False,0,True,True,False,False,True,2.8742640687119287,1.7867568385205637,0.20615528128088303,True,2.8742640687119287
v3_sc0_staging_19,L3,2,4,label_cell,False,0,False,False,False,False,False,nan,nan,nan,False,2.8742640687119287
v3_sc0_staging_19,L3,2,4,geometry,False,0,False,False,False,False,False,nan,nan,nan,False,2.8742640687119287
v3_sc0_staging_19,L3,2,4,label_only,False,1,False,False,False,False,False,nan,nan,nan,False,2.8742640687119287
v3_sc0_staging_19,L3,2,4,pose_only,False,0,False,True,False,False,True,2.8742640687119287,1.7867568385205637,0.20615528128088303,True,2.8742640687119287
v3_sc0_staging_19,L3,2,4,separate,False,1,False,False,False,False,False,nan,nan,nan,False,2.8742640687119287
v3_sc0_staging_19,L3,2,4,joint,False,0,False,True,False,False,True,2.8742640687119287,1.7867568385205637,0.20615528128088303,True,2.8742640687119287
v3_sc0_staging_19,L3,2,4,oracle,False,0,False,True,False,False,True,2.8742640687119287,1.7867568385205637,0.20615528128088303,True,2.8742640687119287
v3_sc0_staging_19,L3,2,5,uncalibrated,False,0,True,True,False,False,True,4.965685424949239,2.2321514285549715,0.20615528128088303,True,4.9242640687119295
v3_sc0_staging_19,L3,2,5,label_cell,False,0,False,False,False,False,False,nan,nan,nan,False,4.9242640687119295
v3_sc0_staging_19,L3,2,5,geometry,False,0,False,False,False,False,False,nan,nan,nan,False,4.9242640687119295
v3_sc0_staging_19,L3,2,5,label_only,False,1,False,False,False,False,False,nan,nan,nan,False,4.9242640687119295
v3_sc0_staging_19,L3,2,5,pose_only,False,0,False,True,False,False,True,4.965685424949239,2.2321514285549715,0.20615528128088303,True,4.9242640687119295
v3_sc0_staging_19,L3,2,5,separate,False,1,False,False,False,False,False,nan,nan,nan,False,4.9242640687119295
v3_sc0_staging_19,L3,2,5,joint,False,0,False,True,False,False,True,4.965685424949239,2.2321514285549715,0.20615528128088303,True,4.9242640687119295
v3_sc0_staging_19,L3,2,5,oracle,False,0,False,True,False,False,True,4.9242640687119295,2.2677080940897136,0.20615528128088303,True,4.9242640687119295
v3_sc0_staging_19,L3,2,6,uncalibrated,False,0,True,False,False,False,False,nan,nan,nan,False,6.911879502661801
v3_sc0_staging_19,L3,2,6,label_cell,False,0,False,False,False,False,False,nan,nan,nan,False,6.911879502661801
v3_sc0_staging_19,L3,2,6,geometry,False,0,False,False,False,False,False,nan,nan,nan,False,6.911879502661801
v3_sc0_staging_19,L3,2,6,label_only,False,1,False,False,False,False,False,nan,nan,nan,False,6.911879502661801
v3_sc0_staging_19,L3,2,6,pose_only,False,0,False,False,False,False,False,nan,nan,nan,False,6.911879502661801
v3_sc0_staging_19,L3,2,6,separate,False,1,False,False,False,False,False,nan,nan,nan,False,6.911879502661801
v3_sc0_staging_19,L3,2,6,joint,False,0,False,False,False,False,False,nan,nan,nan,False,6.911879502661801
v3_sc0_staging_19,L3,2,6,oracle,False,0,False,True,False,False,True,6.911879502661801,1.9006577808748213,0.20615528128088303,True,6.911879502661801
v3_sc0_staging_19,L3,2,7,uncalibrated,False,0,True,True,False,False,True,9.139087296526013,1.2000000000000002,0.20615528128088303,True,9.089087296526012
v3_sc0_staging_19,L3,2,7,label_cell,False,0,False,False,False,False,False,nan,nan,nan,False,9.089087296526012
v3_sc0_staging_19,L3,2,7,geometry,False,0,False,False,False,False,False,nan,nan,nan,False,9.089087296526012
v3_sc0_staging_19,L3,2,7,label_only,False,1,False,False,False,False,False,nan,nan,nan,False,9.089087296526012
v3_sc0_staging_19,L3,2,7,pose_only,False,0,False,True,False,False,True,9.139087296526013,1.2000000000000002,0.20615528128088303,True,9.089087296526012
v3_sc0_staging_19,L3,2,7,separate,False,1,False,False,False,False,False,nan,nan,nan,False,9.089087296526012
v3_sc0_staging_19,L3,2,7,joint,False,0,False,True,False,False,True,9.263351365237941,1.4500000000000002,0.20615528128088303,True,9.089087296526012
v3_sc0_staging_19,L3,2,7,oracle,False,0,False,True,False,False,True,9.089087296526012,1.2000000000000002,0.20615528128088303,True,9.089087296526012
v3_sc0_staging_19,L3,2,8,uncalibrated,False,0,True,True,False,False,True,4.1000000000000005,1.8,0.55,True,4.1000000000000005
v3_sc0_staging_19,L3,2,8,label_cell,False,0,False,True,False,False,True,4.141421356237309,1.7528548142958105,0.55,True,4.1000000000000005
v3_sc0_staging_19,L3,2,8,geometry,False,0,False,False,False,False,False,nan,nan,nan,False,4.1000000000000005
v3_sc0_staging_19,L3,2,8,label_only,False,1,False,False,False,False,False,nan,nan,nan,False,4.1000000000000005
v3_sc0_staging_19,L3,2,8,pose_only,False,0,False,True,False,False,True,4.1000000000000005,1.8,0.55,True,4.1000000000000005
v3_sc0_staging_19,L3,2,8,separate,False,1,False,False,False,False,False,nan,nan,nan,False,4.1000000000000005
v3_sc0_staging_19,L3,2,8,joint,False,0,False,True,False,False,True,4.1000000000000005,1.8,0.55,True,4.1000000000000005
v3_sc0_staging_19,L3,2,8,oracle,False,0,False,True,False,False,True,4.1000000000000005,1.8,0.55,True,4.1000000000000005
v3_sc0_staging_19,L3,2,9,uncalibrated,False,0,True,True,False,False,True,6.540559159102156,1.25,0.25,True,6.511269837220812
v3_sc0_staging_19,L3,2,9,label_cell,False,0,False,False,False,False,False,nan,nan,nan,False,6.511269837220812
v3_sc0_staging_19,L3,2,9,geometry,False,0,False,False,False,False,False,nan,nan,nan,False,6.511269837220812
v3_sc0_staging_19,L3,2,9,label_only,False,1,False,False,False,False,False,nan,nan,nan,False,6.511269837220812
v3_sc0_staging_19,L3,2,9,pose_only,False,0,False,True,False,False,True,6.540559159102156,1.25,0.25,True,6.511269837220812
v3_sc0_staging_19,L3,2,9,separate,False,1,False,False,False,False,False,nan,nan,nan,False,6.511269837220812
v3_sc0_staging_19,L3,2,9,joint,False,0,False,True,False,False,True,6.581980515339467,1.4500000000000002,0.25,True,6.511269837220812
v3_sc0_staging_19,L3,2,9,oracle,False,0,False,True,False,False,True,6.511269837220812,1.25,0.20615528128088303,True,6.511269837220812
v3_sc0_staging_19,L3,2,10,uncalibrated,False,0,True,True,False,False,True,7.889696961967002,1.4142135623730951,0.20615528128088303,True,7.684671708797587
v3_sc0_staging_19,L3,2,10,label_cell,False,0,False,False,False,False,False,nan,nan,nan,False,7.684671708797587
v3_sc0_staging_19,L3,2,10,geometry,False,0,False,False,False,False,False,nan,nan,nan,False,7.684671708797587
v3_sc0_staging_19,L3,2,10,label_only,False,1,False,False,False,False,False,nan,nan,nan,False,7.684671708797587
v3_sc0_staging_19,L3,2,10,pose_only,False,0,False,True,False,False,True,7.889696961967002,1.4142135623730951,0.20615528128088303,True,7.684671708797587
v3_sc0_staging_19,L3,2,10,separate,False,1,False,False,False,False,False,nan,nan,nan,False,7.684671708797587
v3_sc0_staging_19,L3,2,10,joint,False,0,False,True,False,False,True,7.889696961967002,1.4142135623730951,0.20615528128088303,True,7.684671708797587
v3_sc0_staging_19,L3,2,10,oracle,False,0,False,True,False,False,True,7.684671708797587,1.4142135623730951,0.20615528128088303,True,7.684671708797587
v3_sc0_staging_19,L3,2,11,uncalibrated,False,0,True,True,False,False,True,10.158935777509512,1.1236102527122116,0.18027756377319948,True,9.953910524340095
v3_sc0_staging_19,L3,2,11,label_cell,False,0,False,False,False,False,False,nan,nan,nan,False,9.953910524340095
v3_sc0_staging_19,L3,2,11,geometry,False,0,False,False,False,False,False,nan,nan,nan,False,9.953910524340095
v3_sc0_staging_19,L3,2,11,label_only,False,1,False,False,False,False,False,nan,nan,nan,False,9.953910524340095
v3_sc0_staging_19,L3,2,11,pose_only,False,0,False,True,False,False,True,10.158935777509512,1.1236102527122116,0.18027756377319948,True,9.953910524340095
v3_sc0_staging_19,L3,2,11,separate,False,1,False,False,False,False,False,nan,nan,nan,False,9.953910524340095
v3_sc0_staging_19,L3,2,11,joint,False,0,False,True,False,False,True,10.158935777509512,1.3583077707206126,0.20615528128088303,True,9.953910524340095
v3_sc0_staging_19,L3,2,11,oracle,False,0,False,True,False,False,True,9.953910524340095,1.1313708498984762,0.20615528128088303,True,9.953910524340095
v3_sc0_staging_19,L3,2,12,uncalibrated,False,0,True,True,False,False,True,6.37426406871193,1.1672617529928753,0.2,True,6.394974746830584
v3_sc0_staging_19,L3,2,12,label_cell,False,0,False,False,False,False,False,nan,nan,nan,False,6.394974746830584
v3_sc0_staging_19,L3,2,12,geometry,False,0,False,False,False,False,False,nan,nan,nan,False,6.394974746830584
v3_sc0_staging_19,L3,2,12,label_only,False,1,False,False,False,False,False,nan,nan,nan,False,6.394974746830584
v3_sc0_staging_19,L3,2,12,pose_only,False,0,False,True,False,False,True,6.37426406871193,1.1672617529928753,0.2,True,6.394974746830584
v3_sc0_staging_19,L3,2,12,separate,False,1,False,False,False,False,False,nan,nan,nan,False,6.394974746830584
v3_sc0_staging_19,L3,2,12,joint,False,0,False,True,False,False,True,6.539949493661166,1.3583077707206126,0.30000000000000004,True,6.394974746830584
v3_sc0_staging_19,L3,2,12,oracle,False,0,False,True,False,False,True,6.394974746830584,1.1884864324004714,0.20615528128088303,True,6.394974746830584
v3_sc0_staging_19,L3,2,13,uncalibrated,False,0,True,True,False,False,True,7.627564927611042,1.1236102527122116,0.18027756377319948,True,7.527564927611039
v3_sc0_staging_19,L3,2,13,label_cell,False,0,False,False,False,False,False,nan,nan,nan,False,7.527564927611039
v3_sc0_staging_19,L3,2,13,geometry,False,0,False,False,False,False,False,nan,nan,nan,False,7.527564927611039
v3_sc0_staging_19,L3,2,13,label_only,False,1,False,False,False,False,False,nan,nan,nan,False,7.527564927611039
v3_sc0_staging_19,L3,2,13,pose_only,False,0,False,True,False,False,True,7.627564927611042,1.1236102527122116,0.18027756377319948,True,7.527564927611039
v3_sc0_staging_19,L3,2,13,separate,False,1,False,False,False,False,False,nan,nan,nan,False,7.527564927611039
v3_sc0_staging_19,L3,2,13,joint,False,0,False,True,False,False,True,7.62756492761104,1.3583077707206126,0.20615528128088303,True,7.527564927611039
v3_sc0_staging_19,L3,2,13,oracle,False,0,False,True,False,False,True,7.527564927611039,1.1313708498984762,0.20615528128088303,True,7.527564927611039
v3_sc0_staging_19,L3,2,14,uncalibrated,False,0,True,False,False,False,False,nan,nan,nan,False,5.1000000000000005
v3_sc0_staging_19,L3,2,14,label_cell,False,0,False,False,False,False,False,nan,nan,nan,False,5.1000000000000005
v3_sc0_staging_19,L3,2,14,geometry,False,0,False,False,False,False,False,nan,nan,nan,False,5.1000000000000005
v3_sc0_staging_19,L3,2,14,label_only,False,1,False,False,False,False,False,nan,nan,nan,False,5.1000000000000005
v3_sc0_staging_19,L3,2,14,pose_only,False,0,False,False,False,False,False,nan,nan,nan,False,5.1000000000000005
v3_sc0_staging_19,L3,2,14,separate,False,1,False,False,False,False,False,nan,nan,nan,False,5.1000000000000005
v3_sc0_staging_19,L3,2,14,joint,False,0,False,False,False,False,False,nan,nan,nan,False,5.1000000000000005
v3_sc0_staging_19,L3,2,14,oracle,False,0,False,True,False,False,True,5.1000000000000005,1.5,0.25,True,5.1000000000000005
v3_sc0_staging_19,L3,2,15,uncalibrated,False,0,True,True,False,False,True,3.1692388155425117,1.9448650338776723,0.30000000000000004,True,3.044974746830583
v3_sc0_staging_19,L3,2,15,label_cell,False,0,False,False,False,False,False,nan,nan,nan,False,3.044974746830583
v3_sc0_staging_19,L3,2,15,geometry,False,0,False,False,False,False,False,nan,nan,nan,False,3.044974746830583
v3_sc0_staging_19,L3,2,15,label_only,False,1,False,False,False,False,False,nan,nan,nan,False,3.044974746830583
v3_sc0_staging_19,L3,2,15,pose_only,False,0,False,True,False,False,True,3.1692388155425117,1.9448650338776723,0.30000000000000004,True,3.044974746830583
v3_sc0_staging_19,L3,2,15,separate,False,1,False,False,False,False,False,nan,nan,nan,False,3.044974746830583
v3_sc0_staging_19,L3,2,15,joint,False,0,False,True,False,False,True,3.1692388155425117,1.9448650338776723,0.30000000000000004,True,3.044974746830583
v3_sc0_staging_19,L3,2,15,oracle,False,0,False,True,False,False,True,3.044974746830583,1.9448650338776723,0.20615528128088303,True,3.044974746830583
v3_sc0_staging_19,L3,2,16,uncalibrated,False,0,True,True,False,False,True,8.947665940288704,1.1236102527122116,0.18027756377319948,True,8.876955262170048
v3_sc0_staging_19,L3,2,16,label_cell,False,0,False,False,False,False,False,nan,nan,nan,False,8.876955262170048
v3_sc0_staging_19,L3,2,16,geometry,False,0,False,False,False,False,False,nan,nan,nan,False,8.876955262170048
v3_sc0_staging_19,L3,2,16,label_only,False,1,False,False,False,False,False,nan,nan,nan,False,8.876955262170048
v3_sc0_staging_19,L3,2,16,pose_only,False,0,False,True,False,False,True,8.947665940288704,1.1236102527122116,0.18027756377319948,True,8.876955262170048
v3_sc0_staging_19,L3,2,16,separate,False,1,False,False,False,False,False,nan,nan,nan,False,8.876955262170048
v3_sc0_staging_19,L3,2,16,joint,False,0,False,True,False,False,True,9.092640687119285,1.3583077707206126,0.20615528128088303,True,8.876955262170048
v3_sc0_staging_19,L3,2,16,oracle,False,0,False,True,False,False,True,8.876955262170048,1.1313708498984762,0.20615528128088303,True,8.876955262170048
v3_sc0_staging_19,L3,2,17,uncalibrated,False,0,True,True,False,False,True,4.3198484809835,1.6620770138594663,0.21213203435596426,True,4.3198484809835
v3_sc0_staging_19,L3,2,17,label_cell,False,0,False,False,False,False,False,nan,nan,nan,False,4.3198484809835
v3_sc0_staging_19,L3,2,17,geometry,False,0,False,False,False,False,False,nan,nan,nan,False,4.3198484809835
v3_sc0_staging_19,L3,2,17,label_only,False,1,False,False,False,False,False,nan,nan,nan,False,4.3198484809835
v3_sc0_staging_19,L3,2,17,pose_only,False,0,False,True,False,False,True,4.3198484809835,1.6620770138594663,0.21213203435596426,True,4.3198484809835
v3_sc0_staging_19,L3,2,17,separate,False,1,False,False,False,False,False,nan,nan,nan,False,4.3198484809835
v3_sc0_staging_19,L3,2,17,joint,False,0,False,True,False,False,True,4.3198484809835,1.6620770138594663,0.21213203435596426,True,4.3198484809835
v3_sc0_staging_19,L3,2,17,oracle,False,0,False,True,False,False,True,4.3198484809835,1.6620770138594663,0.20615528128088303,True,4.3198484809835
v3_sc0_staging_19,L3,2,18,uncalibrated,False,0,True,True,False,False,True,4.59558441227157,2.150581316760657,0.20615528128088303,True,4.59558441227157
v3_sc0_staging_19,L3,2,18,label_cell,False,0,False,False,False,False,False,nan,nan,nan,False,4.59558441227157
v3_sc0_staging_19,L3,2,18,geometry,False,0,False,False,False,False,False,nan,nan,nan,False,4.59558441227157
v3_sc0_staging_19,L3,2,18,label_only,False,1,False,False,False,False,False,nan,nan,nan,False,4.59558441227157
v3_sc0_staging_19,L3,2,18,pose_only,False,0,False,True,False,False,True,4.59558441227157,2.150581316760657,0.20615528128088303,True,4.59558441227157
v3_sc0_staging_19,L3,2,18,separate,False,1,False,False,False,False,False,nan,nan,nan,False,4.59558441227157
v3_sc0_staging_19,L3,2,18,joint,False,0,False,True,False,False,True,4.59558441227157,2.150581316760657,0.20615528128088303,True,4.59558441227157
v3_sc0_staging_19,L3,2,18,oracle,False,0,False,True,False,False,True,4.59558441227157,2.1523243250030886,0.20615528128088303,True,4.59558441227157
v3_sc0_staging_19,L3,2,19,uncalibrated,False,0,True,True,False,False,True,6.8727922061357845,2.2321514285549715,0.20615528128088303,True,6.872792206135786
v3_sc0_staging_19,L3,2,19,label_cell,False,0,False,False,False,False,False,nan,nan,nan,False,6.872792206135786
v3_sc0_staging_19,L3,2,19,geometry,False,0,False,False,False,False,False,nan,nan,nan,False,6.872792206135786
v3_sc0_staging_19,L3,2,19,label_only,False,1,False,False,False,False,False,nan,nan,nan,False,6.872792206135786
v3_sc0_staging_19,L3,2,19,pose_only,False,0,False,True,False,False,True,6.8727922061357845,2.2321514285549715,0.20615528128088303,True,6.872792206135786
v3_sc0_staging_19,L3,2,19,separate,False,1,False,False,False,False,False,nan,nan,nan,False,6.872792206135786
v3_sc0_staging_19,L3,2,19,joint,False,0,False,True,False,False,True,6.8727922061357845,2.2321514285549715,0.20615528128088303,True,6.872792206135786
v3_sc0_staging_19,L3,2,19,oracle,False,0,False,True,False,False,True,6.872792206135786,2.2321514285549715,0.20615528128088303,True,6.872792206135786
v3_sc0_staging_19,L3,3,0,uncalibrated,False,0,True,True,False,False,True,5.097056274847714,2.1783020910791966,0.223606797749979,True,5.0091883092036795
v3_sc0_staging_19,L3,3,0,label_cell,False,0,True,False,False,False,False,nan,nan,nan,False,5.0091883092036795
v3_sc0_staging_19,L3,3,0,geometry,False,0,False,False,False,False,False,nan,nan,nan,False,5.0091883092036795
v3_sc0_staging_19,L3,3,0,label_only,False,1,False,False,False,False,False,nan,nan,nan,False,5.0091883092036795
v3_sc0_staging_19,L3,3,0,pose_only,False,0,False,True,False,False,True,5.097056274847714,2.1783020910791966,0.223606797749979,True,5.0091883092036795
v3_sc0_staging_19,L3,3,0,separate,False,1,False,False,False,False,False,nan,nan,nan,False,5.0091883092036795
v3_sc0_staging_19,L3,3,0,joint,False,0,False,True,False,False,True,5.097056274847714,2.1783020910791966,0.223606797749979,True,5.0091883092036795
v3_sc0_staging_19,L3,3,0,oracle,False,0,False,True,False,False,True,5.0091883092036795,2.2770595073471402,0.20615528128088303,True,5.0091883092036795
v3_sc0_staging_19,L3,3,1,uncalibrated,False,0,True,True,False,False,True,7.789087296526012,1.4500000000000002,0.20615528128088303,True,7.730508652763323
v3_sc0_staging_19,L3,3,1,label_cell,False,0,True,False,False,False,False,nan,nan,nan,False,7.730508652763323
v3_sc0_staging_19,L3,3,1,geometry,False,0,False,False,False,False,False,nan,nan,nan,False,7.730508652763323
v3_sc0_staging_19,L3,3,1,label_only,False,1,False,False,False,False,False,nan,nan,nan,False,7.730508652763323
v3_sc0_staging_19,L3,3,1,pose_only,False,0,False,True,False,False,True,7.789087296526012,1.4500000000000002,0.20615528128088303,True,7.730508652763323
v3_sc0_staging_19,L3,3,1,separate,False,1,False,False,False,False,False,nan,nan,nan,False,7.730508652763323
v3_sc0_staging_19,L3,3,1,joint,False,0,False,True,False,False,True,7.789087296526012,1.7000000000000002,0.20615528128088303,True,7.730508652763323
v3_sc0_staging_19,L3,3,1,oracle,False,0,False,True,False,False,True,7.730508652763323,1.3,0.20615528128088303,True,7.730508652763323
v3_sc0_staging_19,L3,3,2,uncalibrated,False,0,True,True,False,False,True,7.175483399593908,1.4500000000000002,0.25,True,7.116904755831216
v3_sc0_staging_19,L3,3,2,label_cell,False,0,True,False,False,False,False,nan,nan,nan,False,7.116904755831216
v3_sc0_staging_19,L3,3,2,geometry,False,0,False,False,False,False,False,nan,nan,nan,False,7.116904755831216
v3_sc0_staging_19,L3,3,2,label_only,False,1,False,False,False,False,False,nan,nan,nan,False,7.116904755831216
v3_sc0_staging_19,L3,3,2,pose_only,False,0,False,True,False,False,True,7.175483399593908,1.4500000000000002,0.25,True,7.116904755831216
v3_sc0_staging_19,L3,3,2,separate,False,1,False,False,False,False,False,nan,nan,nan,False,7.116904755831216
v3_sc0_staging_19,L3,3,2,joint,False,0,False,True,False,False,True,7.175483399593907,1.520690632574555,0.25,True,7.116904755831216
v3_sc0_staging_19,L3,3,2,oracle,False,0,False,True,False,False,True,7.116904755831216,1.4500000000000002,0.20615528128088303,True,7.116904755831216
v3_sc0_staging_19,L3,3,3,uncalibrated,False,0,True,True,False,False,True,5.584924240491749,2.0886598574205424,0.25,True,5.526345596729059
v3_sc0_staging_19,L3,3,3,label_cell,False,0,True,False,False,False,False,nan,nan,nan,False,5.526345596729059
v3_sc0_staging_19,L3,3,3,geometry,False,0,False,False,False,False,False,nan,nan,nan,False,5.526345596729059
v3_sc0_staging_19,L3,3,3,label_only,False,1,False,False,False,False,False,nan,nan,nan,False,5.526345596729059
v3_sc0_staging_19,L3,3,3,pose_only,False,0,False,True,False,False,True,5.584924240491749,2.0886598574205424,0.25,True,5.526345596729059
v3_sc0_staging_19,L3,3,3,separate,False,1,False,False,False,False,False,nan,nan,nan,False,5.526345596729059
v3_sc0_staging_19,L3,3,3,joint,False,0,False,True,False,False,True,5.584924240491749,2.0886598574205424,0.25,True,5.526345596729059
v3_sc0_staging_19,L3,3,3,oracle,False,0,False,True,False,False,True,5.526345596729059,2.2276669409945464,0.20615528128088303,True,5.526345596729059
v3_sc0_staging_19,L3,3,4,uncalibrated,False,0,True,True,False,False,True,2.998528137423857,1.746424919657298,0.25,True,2.998528137423857
v3_sc0_staging_19,L3,3,4,label_cell,False,0,True,False,False,False,False,nan,nan,nan,False,2.998528137423857
v3_sc0_staging_19,L3,3,4,geometry,False,0,False,False,False,False,False,nan,nan,nan,False,2.998528137423857
v3_sc0_staging_19,L3,3,4,label_only,False,1,False,False,False,False,False,nan,nan,nan,False,2.998528137423857
v3_sc0_staging_19,L3,3,4,pose_only,False,0,False,True,False,False,True,2.998528137423857,1.746424919657298,0.25,True,2.998528137423857
v3_sc0_staging_19,L3,3,4,separate,False,1,False,False,False,False,False,nan,nan,nan,False,2.998528137423857
v3_sc0_staging_19,L3,3,4,joint,False,0,False,True,False,False,True,2.998528137423857,1.746424919657298,0.25,True,2.998528137423857
v3_sc0_staging_19,L3,3,4,oracle,False,0,False,True,False,False,True,2.998528137423857,1.746424919657298,0.20615528128088303,True,2.998528137423857
v3_sc0_staging_19,L3,3,5,uncalibrated,False,0,True,False,False,False,False,nan,nan,nan,False,5.039949493661168
v3_sc0_staging_19,L3,3,5,label_cell,False,0,True,False,False,False,False,nan,nan,nan,False,5.039949493661168
v3_sc0_staging_19,L3,3,5,geometry,False,0,False,False,False,False,False,nan,nan,nan,False,5.039949493661168
v3_sc0_staging_19,L3,3,5,label_only,False,1,False,False,False,False,False,nan,nan,nan,False,5.039949493661168
v3_sc0_staging_19,L3,3,5,pose_only,False,0,False,False,False,False,False,nan,nan,nan,False,5.039949493661168
v3_sc0_staging_19,L3,3,5,separate,False,1,False,False,False,False,False,nan,nan,nan,False,5.039949493661168
v3_sc0_staging_19,L3,3,5,joint,False,0,False,False,False,False,False,nan,nan,nan,False,5.039949493661168
v3_sc0_staging_19,L3,3,5,oracle,False,0,False,True,False,False,True,5.039949493661168,2.2699118925632336,0.20615528128088303,True,5.039949493661168
v3_sc0_staging_19,L3,3,6,uncalibrated,False,0,True,True,False,True,True,6.761879502661799,1.8027756377319948,0.14142135623730953,False,6.80330085889911
v3_sc0_staging_19,L3,3,6,label_cell,False,0,True,False,False,False,False,nan,nan,nan,False,6.80330085889911
v3_sc0_staging_19,L3,3,6,geometry,False,0,False,False,False,False,False,nan,nan,nan,False,6.80330085889911
v3_sc0_staging_19,L3,3,6,label_only,False,1,False,False,False,False,False,nan,nan,nan,False,6.80330085889911
v3_sc0_staging_19,L3,3,6,pose_only,False,0,False,True,False,True,True,6.761879502661799,1.8027756377319948,0.14142135623730953,False,6.80330085889911
v3_sc0_staging_19,L3,3,6,separate,False,1,False,False,False,False,False,nan,nan,nan,False,6.80330085889911
v3_sc0_staging_19,L3,3,6,joint,False,0,False,True,False,True,True,6.761879502661799,1.8027756377319948,0.14142135623730953,False,6.80330085889911
v3_sc0_staging_19,L3,3,6,oracle,False,0,False,True,False,False,True,6.80330085889911,1.8384776310850235,0.20615528128088303,True,6.80330085889911
v3_sc0_staging_19,L3,3,7,uncalibrated,False,0,True,False,False,False,False,nan,nan,nan,False,9.14411254969543
v3_sc0_staging_19,L3,3,7,label_cell,False,0,True,False,False,False,False,nan,nan,nan,False,9.14411254969543
v3_sc0_staging_19,L3,3,7,geometry,False,0,False,False,False,False,False,nan,nan,nan,False,9.14411254969543
v3_sc0_staging_19,L3,3,7,label_only,False,1,False,False,False,False,False,nan,nan,nan,False,9.14411254969543
v3_sc0_staging_19,L3,3,7,pose_only,False,0,False,False,False,False,False,nan,nan,nan,False,9.14411254969543
v3_sc0_staging_19,L3,3,7,separate,False,1,False,False,False,False,False,nan,nan,nan,False,9.14411254969543
v3_sc0_staging_19,L3,3,7,joint,False,0,False,False,False,False,False,nan,nan,nan,False,9.14411254969543
v3_sc0_staging_19,L3,3,7,oracle,False,0,False,True,False,False,True,9.14411254969543,1.2000000000000002,0.20615528128088303,True,9.14411254969543
v3_sc0_staging_19,L3,3,8,uncalibrated,False,0,True,True,False,False,True,4.162132034355964,2.110094784600919,0.20615528128088303,True,4.162132034355964
v3_sc0_staging_19,L3,3,8,label_cell,False,0,True,True,False,False,True,4.265685424949239,1.8200274723201297,0.5024937810560445,True,4.162132034355964
v3_sc0_staging_19,L3,3,8,geometry,False,0,False,False,False,False,False,nan,nan,nan,False,4.162132034355964
v3_sc0_staging_19,L3,3,8,label_only,False,1,False,False,False,False,False,nan,nan,nan,False,4.162132034355964
v3_sc0_staging_19,L3,3,8,pose_only,False,0,False,True,False,False,True,4.162132034355964,2.110094784600919,0.20615528128088303,True,4.162132034355964
v3_sc0_staging_19,L3,3,8,separate,False,1,False,False,False,False,False,nan,nan,nan,False,4.162132034355964
v3_sc0_staging_19,L3,3,8,joint,False,0,False,True,False,False,True,4.162132034355964,2.110094784600919,0.20615528128088303,True,4.162132034355964
v3_sc0_staging_19,L3,3,8,oracle,False,0,False,True,False,False,True,4.162132034355964,2.110094784600919,0.20615528128088303,True,4.162132034355964
v3_sc0_staging_19,L3,3,9,uncalibrated,False,0,True,False,False,False,False,nan,nan,nan,False,6.487005768508883
v3_sc0_staging_19,L3,3,9,label_cell,False,0,True,False,False,False,False,nan,nan,nan,False,6.487005768508883
v3_sc0_staging_19,L3,3,9,geometry,False,0,False,False,False,False,False,nan,nan,nan,False,6.487005768508883
v3_sc0_staging_19,L3,3,9,label_only,False,1,False,False,False,False,False,nan,nan,nan,False,6.487005768508883
v3_sc0_staging_19,L3,3,9,pose_only,False,0,False,False,False,False,False,nan,nan,nan,False,6.487005768508883
v3_sc0_staging_19,L3,3,9,separate,False,1,False,False,False,False,False,nan,nan,nan,False,6.487005768508883
v3_sc0_staging_19,L3,3,9,joint,False,0,False,False,False,False,False,nan,nan,nan,False,6.487005768508883
v3_sc0_staging_19,L3,3,9,oracle,False,0,False,True,False,False,True,6.487005768508883,1.2000000000000002,0.20615528128088303,True,6.487005768508883
v3_sc0_staging_19,L3,3,10,uncalibrated,False,0,True,True,False,True,True,7.848275605729693,1.3435028842544403,0.14142135623730953,False,7.818986283848346
v3_sc0_staging_19,L3,3,10,label_cell,False,0,True,False,False,False,False,nan,nan,nan,False,7.818986283848346
v3_sc0_staging_19,L3,3,10,geometry,False,0,False,False,False,False,False,nan,nan,nan,False,7.818986283848346
v3_sc0_staging_19,L3,3,10,label_only,False,1,False,False,False,False,False,nan,nan,nan,False,7.818986283848346
v3_sc0_staging_19,L3,3,10,pose_only,False,0,False,True,False,True,True,7.848275605729693,1.3435028842544403,0.14142135623730953,False,7.818986283848346
v3_sc0_staging_19,L3,3,10,separate,False,1,False,False,False,False,False,nan,nan,nan,False,7.818986283848346
v3_sc0_staging_19,L3,3,10,joint,False,0,False,False,False,False,False,nan,nan,nan,False,7.818986283848346
v3_sc0_staging_19,L3,3,10,oracle,False,0,False,True,False,False,True,7.818986283848346,1.3435028842544403,0.20615528128088303,True,7.818986283848346
v3_sc0_staging_19,L3,3,11,uncalibrated,False,0,True,True,False,True,True,10.046803743153546,1.2727922061357857,0.14142135623730953,False,10.046803743153548
v3_sc0_staging_19,L3,3,11,label_cell,False,0,True,False,False,False,False,nan,nan,nan,False,10.046803743153548
v3_sc0_staging_19,L3,3,11,geometry,False,0,False,False,False,False,False,nan,nan,nan,False,10.046803743153548
v3_sc0_staging_19,L3,3,11,label_only,False,1,False,False,False,False,False,nan,nan,nan,False,10.046803743153548
v3_sc0_staging_19,L3,3,11,pose_only,False,0,False,True,False,True,True,10.046803743153546,1.2727922061357857,0.14142135623730953,False,10.046803743153548
v3_sc0_staging_19,L3,3,11,separate,False,1,False,False,False,False,False,nan,nan,nan,False,10.046803743153548
v3_sc0_staging_19,L3,3,11,joint,False,0,False,True,False,True,True,10.046803743153548,1.520690632574555,0.14142135623730953,False,10.046803743153548
v3_sc0_staging_19,L3,3,11,oracle,False,0,False,True,False,False,True,10.046803743153548,1.1313708498984762,0.20615528128088303,True,10.046803743153548
v3_sc0_staging_19,L3,3,12,uncalibrated,False,0,True,True,False,False,True,6.444974746830583,1.3124404748406688,0.158113883008419,True,6.303553390593273
v3_sc0_staging_19,L3,3,12,label_cell,False,0,True,False,False,False,False,nan,nan,nan,False,6.303553390593273
v3_sc0_staging_19,L3,3,12,geometry,False,0,False,False,False,False,False,nan,nan,nan,False,6.303553390593273
v3_sc0_staging_19,L3,3,12,label_only,False,1,False,False,False,False,False,nan,nan,nan,False,6.303553390593273
v3_sc0_staging_19,L3,3,12,pose_only,False,0,False,True,False,False,True,6.444974746830583,1.3124404748406688,0.158113883008419,True,6.303553390593273
v3_sc0_staging_19,L3,3,12,separate,False,1,False,False,False,False,False,nan,nan,nan,False,6.303553390593273
v3_sc0_staging_19,L3,3,12,joint,False,0,False,True,False,False,True,6.652081528017134,1.5524174696260025,0.158113883008419,True,6.303553390593273
v3_sc0_staging_19,L3,3,12,oracle,False,0,False,True,False,False,True,6.303553390593273,1.25,0.25,True,6.303553390593273
v3_sc0_staging_19,L3,3,13,uncalibrated,False,0,True,True,False,False,True,7.65330085889911,1.2727922061357857,0.20615528128088303,True,7.594722215136418
v3_sc0_staging_19,L3,3,13,label_cell,False,0,True,False,False,False,False,nan,nan,nan,False,7.594722215136418
v3_sc0_staging_19,L3,3,13,geometry,False,0,False,False,False,False,False,nan,nan,nan,False,7.594722215136418
v3_sc0_staging_19,L3,3,13,label_only,False,1,False,False,False,False,False,nan,nan,nan,False,7.594722215136418
v3_sc0_staging_19,L3,3,13,pose_only,False,0,False,True,False,False,True,7.65330085889911,1.2727922061357857,0.20615528128088303,True,7.594722215136418
v3_sc0_staging_19,L3,3,13,separate,False,1,False,False,False,False,False,nan,nan,nan,False,7.594722215136418
v3_sc0_staging_19,L3,3,13,joint,False,0,False,True,False,False,True,7.65330085889911,1.520690632574555,0.20615528128088303,True,7.594722215136418
v3_sc0_staging_19,L3,3,13,oracle,False,0,False,True,False,False,True,7.594722215136418,1.1313708498984762,0.20615528128088303,True,7.594722215136418
v3_sc0_staging_19,L3,3,14,uncalibrated,False,0,True,True,False,False,True,5.215685424949238,1.4500000000000002,0.25,True,5.215685424949238
v3_sc0_staging_19,L3,3,14,label_cell,False,0,True,False,False,False,False,nan,nan,nan,False,5.215685424949238
v3_sc0_staging_19,L3,3,14,geometry,False,0,False,False,False,False,False,nan,nan,nan,False,5.215685424949238
v3_sc0_staging_19,L3,3,14,label_only,False,1,False,False,False,False,False,nan,nan,nan,False,5.215685424949238
v3_sc0_staging_19,L3,3,14,pose_only,False,0,False,True,False,False,True,5.215685424949238,1.4500000000000002,0.25,True,5.215685424949238
v3_sc0_staging_19,L3,3,14,separate,False,1,False,False,False,False,False,nan,nan,nan,False,5.215685424949238
v3_sc0_staging_19,L3,3,14,joint,False,0,False,True,False,False,True,5.215685424949239,1.6,0.21213203435596426,True,5.215685424949238
v3_sc0_staging_19,L3,3,14,oracle,False,0,False,True,False,False,True,5.215685424949238,1.4500000000000002,0.30000000000000004,True,5.215685424949238
v3_sc0_staging_19,L3,3,15,uncalibrated,False,0,True,True,False,False,True,3.036396103067893,1.9039432764659772,0.158113883008419,True,3.0571067811865476
v3_sc0_staging_19,L3,3,15,label_cell,False,0,True,False,False,False,False,nan,nan,nan,False,3.0571067811865476
v3_sc0_staging_19,L3,3,15,geometry,False,0,False,False,False,False,False,nan,nan,nan,False,3.0571067811865476
v3_sc0_staging_19,L3,3,15,label_only,False,1,False,False,False,False,False,nan,nan,nan,False,3.0571067811865476
v3_sc0_staging_19,L3,3,15,pose_only,False,0,False,True,False,False,True,3.036396103067893,1.9039432764659772,0.158113883008419,True,3.0571067811865476
v3_sc0_staging_19,L3,3,15,separate,False,1,False,False,False,False,False,nan,nan,nan,False,3.0571067811865476
v3_sc0_staging_19,L3,3,15,joint,False,0,False,True,False,False,True,3.036396103067893,1.9039432764659772,0.158113883008419,True,3.0571067811865476
v3_sc0_staging_19,L3,3,15,oracle,False,0,False,True,False,False,True,3.0571067811865476,1.9039432764659772,0.20615528128088303,True,3.0571067811865476
v3_sc0_staging_19,L3,3,16,uncalibrated,False,0,True,True,False,False,True,9.168376618407358,1.2727922061357857,0.158113883008419,True,8.94411254969543
v3_sc0_staging_19,L3,3,16,label_cell,False,0,True,False,False,False,False,nan,nan,nan,False,8.94411254969543
v3_sc0_staging_19,L3,3,16,geometry,False,0,False,False,False,False,False,nan,nan,nan,False,8.94411254969543
v3_sc0_staging_19,L3,3,16,label_only,False,1,False,False,False,False,False,nan,nan,nan,False,8.94411254969543
v3_sc0_staging_19,L3,3,16,pose_only,False,0,False,True,False,False,True,9.168376618407358,1.2727922061357857,0.158113883008419,True,8.94411254969543
v3_sc0_staging_19,L3,3,16,separate,False,1,False,False,False,False,False,nan,nan,nan,False,8.94411254969543
v3_sc0_staging_19,L3,3,16,joint,False,0,False,True,False,False,True,9.375483399593906,1.520690632574555,0.158113883008419,True,8.94411254969543
v3_sc0_staging_19,L3,3,16,oracle,False,0,False,True,False,False,True,8.94411254969543,1.1313708498984762,0.20615528128088303,True,8.94411254969543
v3_sc0_staging_19,L3,3,17,uncalibrated,False,0,True,True,False,False,True,4.17842712474619,1.697056274847714,0.21213203435596426,True,4.17842712474619
v3_sc0_staging_19,L3,3,17,label_cell,False,0,True,False,False,False,False,nan,nan,nan,False,4.17842712474619
v3_sc0_staging_19,L3,3,17,geometry,False,0,False,False,False,False,False,nan,nan,nan,False,4.17842712474619
v3_sc0_staging_19,L3,3,17,label_only,False,1,False,False,False,False,False,nan,nan,nan,False,4.17842712474619
v3_sc0_staging_19,L3,3,17,pose_only,False,0,False,True,False,False,True,4.17842712474619,1.697056274847714,0.21213203435596426,True,4.17842712474619
v3_sc0_staging_19,L3,3,17,separate,False,1,False,False,False,False,False,nan,nan,nan,False,4.17842712474619
v3_sc0_staging_19,L3,3,17,joint,False,0,False,True,False,False,True,4.17842712474619,1.697056274847714,0.21213203435596426,True,4.17842712474619
v3_sc0_staging_19,L3,3,17,oracle,False,0,False,True,False,False,True,4.17842712474619,1.697056274847714,0.20615528128088303,True,4.17842712474619
v3_sc0_staging_19,L3,3,18,uncalibrated,False,0,True,True,False,False,True,4.583452377915606,2.1783020910791966,0.25,True,4.524873734152916
v3_sc0_staging_19,L3,3,18,label_cell,False,0,True,False,False,False,False,nan,nan,nan,False,4.524873734152916
v3_sc0_staging_19,L3,3,18,geometry,False,0,False,False,False,False,False,nan,nan,nan,False,4.524873734152916
v3_sc0_staging_19,L3,3,18,label_only,False,1,False,False,False,False,False,nan,nan,nan,False,4.524873734152916
v3_sc0_staging_19,L3,3,18,pose_only,False,0,False,True,False,False,True,4.583452377915606,2.1783020910791966,0.25,True,4.524873734152916
v3_sc0_staging_19,L3,3,18,separate,False,1,False,False,False,False,False,nan,nan,nan,False,4.524873734152916
v3_sc0_staging_19,L3,3,18,joint,False,0,False,True,False,False,True,4.583452377915606,2.1783020910791966,0.25,True,4.524873734152916
v3_sc0_staging_19,L3,3,18,oracle,False,0,False,True,False,False,True,4.524873734152916,2.1840329667841556,0.20615528128088303,True,4.524873734152916
v3_sc0_staging_19,L3,3,19,uncalibrated,False,0,True,True,False,False,True,6.914213562373096,2.170829334609241,0.25,True,6.7727922061357875
v3_sc0_staging_19,L3,3,19,label_cell,False,0,True,False,False,False,False,nan,nan,nan,False,6.7727922061357875
v3_sc0_staging_19,L3,3,19,geometry,False,0,False,False,False,False,False,nan,nan,nan,False,6.7727922061357875
v3_sc0_staging_19,L3,3,19,label_only,False,1,False,False,False,False,False,nan,nan,nan,False,6.7727922061357875
v3_sc0_staging_19,L3,3,19,pose_only,False,0,False,True,False,False,True,6.914213562373096,2.170829334609241,0.25,True,6.7727922061357875
v3_sc0_staging_19,L3,3,19,separate,False,1,False,False,False,False,False,nan,nan,nan,False,6.7727922061357875
v3_sc0_staging_19,L3,3,19,joint,False,0,False,True,False,False,True,6.914213562373096,2.170829334609241,0.25,True,6.7727922061357875
v3_sc0_staging_19,L3,3,19,oracle,False,0,False,True,False,False,True,6.7727922061357875,2.2699118925632336,0.20615528128088303,True,6.7727922061357875
v3_sc0_staging_19,L3,4,0,uncalibrated,False,0,True,True,False,False,True,5.2213203435596425,2.0615528128088303,0.18027756377319948,True,5.021320343559643
v3_sc0_staging_19,L3,4,0,label_cell,False,0,True,False,False,False,False,nan,nan,nan,False,5.021320343559643
v3_sc0_staging_19,L3,4,0,geometry,False,0,False,False,False,False,False,nan,nan,nan,False,5.021320343559643
v3_sc0_staging_19,L3,4,0,label_only,False,1,False,False,False,False,False,nan,nan,nan,False,5.021320343559643
v3_sc0_staging_19,L3,4,0,pose_only,False,0,False,True,False,False,True,5.2213203435596425,2.0615528128088303,0.18027756377319948,True,5.021320343559643
v3_sc0_staging_19,L3,4,0,separate,False,1,False,False,False,False,False,nan,nan,nan,False,5.021320343559643
v3_sc0_staging_19,L3,4,0,joint,False,0,False,True,False,False,True,5.2213203435596425,2.0615528128088303,0.18027756377319948,True,5.021320343559643
v3_sc0_staging_19,L3,4,0,oracle,False,0,False,True,False,False,True,5.021320343559643,2.2677080940897136,0.20615528128088303,True,5.021320343559643
v3_sc0_staging_19,L3,4,1,uncalibrated,False,0,True,True,False,False,True,7.96335136523794,1.25,0.25,True,7.775483399593904
v3_sc0_staging_19,L3,4,1,label_cell,False,0,True,False,False,False,False,nan,nan,nan,False,7.775483399593904
v3_sc0_staging_19,L3,4,1,geometry,False,0,False,False,False,False,False,nan,nan,nan,False,7.775483399593904
v3_sc0_staging_19,L3,4,1,label_only,False,1,False,False,False,False,False,nan,nan,nan,False,7.775483399593904
v3_sc0_staging_19,L3,4,1,pose_only,False,0,False,True,False,False,True,7.96335136523794,1.25,0.25,True,7.775483399593904
v3_sc0_staging_19,L3,4,1,separate,False,1,False,False,False,False,False,nan,nan,nan,False,7.775483399593904
v3_sc0_staging_19,L3,4,1,joint,False,0,False,True,False,False,True,7.96335136523794,1.5,0.25,True,7.775483399593904
v3_sc0_staging_19,L3,4,1,oracle,False,0,False,True,False,False,True,7.775483399593904,1.25,0.20615528128088303,True,7.775483399593904
v3_sc0_staging_19,L3,4,2,uncalibrated,False,0,True,True,False,False,True,7.220458146424491,1.520690632574555,0.223606797749979,True,7.044722215136421
v3_sc0_staging_19,L3,4,2,label_cell,False,0,True,False,False,False,False,nan,nan,nan,False,7.044722215136421
v3_sc0_staging_19,L3,4,2,geometry,False,0,False,False,False,False,False,nan,nan,nan,False,7.044722215136421
v3_sc0_staging_19,L3,4,2,label_only,False,1,False,False,False,False,False,nan,nan,nan,False,7.044722215136421
v3_sc0_staging_19,L3,4,2,pose_only,False,0,False,True,False,False,True,7.220458146424491,1.520690632574555,0.223606797749979,True,7.044722215136421
v3_sc0_staging_19,L3,4,2,separate,False,1,False,False,False,False,False,nan,nan,nan,False,7.044722215136421
v3_sc0_staging_19,L3,4,2,joint,False,0,False,True,False,False,True,7.220458146424491,1.520690632574555,0.223606797749979,True,7.044722215136421
v3_sc0_staging_19,L3,4,2,oracle,False,0,False,True,False,False,True,7.044722215136421,1.520690632574555,0.20615528128088303,True,7.044722215136421
v3_sc0_staging_19,L3,4,3,uncalibrated,False,0,True,True,False,False,True,5.709188309203679,2.0500000000000003,0.18027756377319948,True,5.5091883092036795
v3_sc0_staging_19,L3,4,3,label_cell,False,0,True,False,False,False,False,nan,nan,nan,False,5.5091883092036795
v3_sc0_staging_19,L3,4,3,geometry,False,0,False,False,False,False,False,nan,nan,nan,False,5.5091883092036795
v3_sc0_staging_19,L3,4,3,label_only,False,1,False,False,False,False,False,nan,nan,nan,False,5.5091883092036795
v3_sc0_staging_19,L3,4,3,pose_only,False,0,False,True,False,False,True,5.709188309203679,2.0500000000000003,0.18027756377319948,True,5.5091883092036795
v3_sc0_staging_19,L3,4,3,separate,False,1,False,False,False,False,False,nan,nan,nan,False,5.5091883092036795
v3_sc0_staging_19,L3,4,3,joint,False,0,False,True,False,False,True,5.709188309203679,2.0500000000000003,0.18027756377319948,True,5.5091883092036795
v3_sc0_staging_19,L3,4,3,oracle,False,0,False,True,False,False,True,5.5091883092036795,2.219234102117215,0.20615528128088303,True,5.5091883092036795
v3_sc0_staging_19,L3,4,4,uncalibrated,False,0,True,True,False,False,True,2.965685424949238,1.7240939649566667,0.304138126514911,True,2.9242640687119286
v3_sc0_staging_19,L3,4,4,label_cell,False,0,True,False,False,False,False,nan,nan,nan,False,2.9242640687119286
v3_sc0_staging_19,L3,4,4,geometry,False,0,False,False,False,False,False,nan,nan,nan,False,2.9242640687119286
v3_sc0_staging_19,L3,4,4,label_only,False,1,False,False,False,False,False,nan,nan,nan,False,2.9242640687119286
v3_sc0_staging_19,L3,4,4,pose_only,False,0,False,True,False,False,True,2.965685424949238,1.7240939649566667,0.304138126514911,True,2.9242640687119286
v3_sc0_staging_19,L3,4,4,separate,False,1,False,False,False,False,False,nan,nan,nan,False,2.9242640687119286
v3_sc0_staging_19,L3,4,4,joint,False,0,False,True,False,False,True,2.965685424949238,1.7240939649566667,0.304138126514911,True,2.9242640687119286
v3_sc0_staging_19,L3,4,4,oracle,False,0,False,True,False,False,True,2.9242640687119286,1.7240939649566667,0.21213203435596426,True,2.9242640687119286
v3_sc0_staging_19,L3,4,5,uncalibrated,False,0,True,True,False,False,True,5.319238815542512,2.0500000000000003,0.25,True,4.944974746830583
v3_sc0_staging_19,L3,4,5,label_cell,False,0,True,False,False,False,False,nan,nan,nan,False,4.944974746830583
v3_sc0_staging_19,L3,4,5,geometry,False,0,False,False,False,False,False,nan,nan,nan,False,4.944974746830583
v3_sc0_staging_19,L3,4,5,label_only,False,1,False,False,False,False,False,nan,nan,nan,False,4.944974746830583
v3_sc0_staging_19,L3,4,5,pose_only,False,0,False,True,False,False,True,5.319238815542512,2.0500000000000003,0.25,True,4.944974746830583
v3_sc0_staging_19,L3,4,5,separate,False,1,False,False,False,False,False,nan,nan,nan,False,4.944974746830583
v3_sc0_staging_19,L3,4,5,joint,False,0,False,True,False,False,True,5.319238815542512,2.0500000000000003,0.25,True,4.944974746830583
v3_sc0_staging_19,L3,4,5,oracle,False,0,False,True,False,False,True,4.944974746830583,2.2561028345356955,0.20615528128088303,True,4.944974746830583
v3_sc0_staging_19,L3,4,6,uncalibrated,False,0,True,False,False,False,False,nan,nan,nan,False,6.911879502661802
v3_sc0_staging_19,L3,4,6,label_cell,False,0,True,False,False,False,False,nan,nan,nan,False,6.911879502661802
v3_sc0_staging_19,L3,4,6,geometry,False,0,False,False,False,False,False,nan,nan,nan,False,6.911879502661802
v3_sc0_staging_19,L3,4,6,label_only,False,1,False,False,False,False,False,nan,nan,nan,False,6.911879502661802
v3_sc0_staging_19,L3,4,6,pose_only,False,0,False,False,False,False,False,nan,nan,nan,False,6.911879502661802
v3_sc0_staging_19,L3,4,6,separate,False,1,False,False,False,False,False,nan,nan,nan,False,6.911879502661802
v3_sc0_staging_19,L3,4,6,joint,False,0,False,False,False,False,False,nan,nan,nan,False,6.911879502661802
v3_sc0_staging_19,L3,4,6,oracle,False,0,False,True,False,False,True,6.911879502661802,1.8721645226849057,0.20615528128088303,True,6.911879502661802
v3_sc0_staging_19,L3,4,7,uncalibrated,False,0,True,True,False,False,True,9.306244584051393,1.2000000000000002,0.2,True,9.047665940288702
v3_sc0_staging_19,L3,4,7,label_cell,False,0,True,False,False,False,False,nan,nan,nan,False,9.047665940288702
v3_sc0_staging_19,L3,4,7,geometry,False,0,False,False,False,False,False,nan,nan,nan,False,9.047665940288702
v3_sc0_staging_19,L3,4,7,label_only,False,1,False,False,False,False,False,nan,nan,nan,False,9.047665940288702
v3_sc0_staging_19,L3,4,7,pose_only,False,0,False,True,False,False,True,9.306244584051393,1.2000000000000002,0.2,True,9.047665940288702
v3_sc0_staging_19,L3,4,7,separate,False,1,False,False,False,False,False,nan,nan,nan,False,9.047665940288702
v3_sc0_staging_19,L3,4,7,joint,False,0,False,True,False,False,True,9.513351365237941,1.4500000000000002,0.2,True,9.047665940288702
v3_sc0_staging_19,L3,4,7,oracle,False,0,False,True,False,False,True,9.047665940288702,1.4000000000000001,0.20615528128088303,True,9.047665940288702
v3_sc0_staging_19,L3,4,8,uncalibrated,False,0,True,True,False,False,True,4.1000000000000005,1.85,0.5,True,4.1000000000000005
v3_sc0_staging_19,L3,4,8,label_cell,False,0,True,False,False,False,False,nan,nan,nan,False,4.1000000000000005
v3_sc0_staging_19,L3,4,8,geometry,False,0,False,False,False,False,False,nan,nan,nan,False,4.1000000000000005
v3_sc0_staging_19,L3,4,8,label_only,False,1,False,False,False,False,False,nan,nan,nan,False,4.1000000000000005
v3_sc0_staging_19,L3,4,8,pose_only,False,0,False,True,False,False,True,4.1000000000000005,1.85,0.5,True,4.1000000000000005
v3_sc0_staging_19,L3,4,8,separate,False,1,False,False,False,False,False,nan,nan,nan,False,4.1000000000000005
v3_sc0_staging_19,L3,4,8,joint,False,0,False,True,False,False,True,4.1000000000000005,1.85,0.5,True,4.1000000000000005
v3_sc0_staging_19,L3,4,8,oracle,False,0,False,True,False,False,True,4.1000000000000005,1.85,0.5,True,4.1000000000000005
v3_sc0_staging_19,L3,4,9,uncalibrated,False,0,True,True,False,False,True,6.4905591591021565,1.25,0.25,True,6.461269837220811
v3_sc0_staging_19,L3,4,9,label_cell,False,0,True,False,False,False,False,nan,nan,nan,False,6.461269837220811
v3_sc0_staging_19,L3,4,9,geometry,False,0,False,False,False,False,False,nan,nan,nan,False,6.461269837220811
v3_sc0_staging_19,L3,4,9,label_only,False,1,False,False,False,False,False,nan,nan,nan,False,6.461269837220811
v3_sc0_staging_19,L3,4,9,pose_only,False,0,False,True,False,False,True,6.4905591591021565,1.25,0.25,True,6.461269837220811
v3_sc0_staging_19,L3,4,9,separate,False,1,False,False,False,False,False,nan,nan,nan,False,6.461269837220811
v3_sc0_staging_19,L3,4,9,joint,False,0,False,True,False,False,True,6.531980515339466,1.4500000000000002,0.25,True,6.461269837220811
v3_sc0_staging_19,L3,4,9,oracle,False,0,False,True,False,False,True,6.461269837220811,1.25,0.20615528128088303,True,6.461269837220811
v3_sc0_staging_19,L3,4,10,uncalibrated,False,0,True,True,False,False,True,8.010407640085658,1.4142135623730951,0.25,True,7.7346717087975865
v3_sc0_staging_19,L3,4,10,label_cell,False,0,True,False,False,False,False,nan,nan,nan,False,7.7346717087975865
v3_sc0_staging_19,L3,4,10,geometry,False,0,False,False,False,False,False,nan,nan,nan,False,7.7346717087975865
v3_sc0_staging_19,L3,4,10,label_only,False,1,False,False,False,False,False,nan,nan,nan,False,7.7346717087975865
v3_sc0_staging_19,L3,4,10,pose_only,False,0,False,True,False,False,True,8.010407640085658,1.4142135623730951,0.25,True,7.7346717087975865
v3_sc0_staging_19,L3,4,10,separate,False,1,False,False,False,False,False,nan,nan,nan,False,7.7346717087975865
v3_sc0_staging_19,L3,4,10,joint,False,0,False,True,False,False,True,8.010407640085658,1.4142135623730951,0.25,True,7.7346717087975865
v3_sc0_staging_19,L3,4,10,oracle,False,0,False,True,False,False,True,7.7346717087975865,1.4142135623730951,0.20615528128088303,True,7.7346717087975865
v3_sc0_staging_19,L3,4,11,uncalibrated,False,0,True,True,False,False,True,10.217514421272202,1.1313708498984762,0.18027756377319948,True,9.98319984622144
v3_sc0_staging_19,L3,4,11,label_cell,False,0,True,False,False,False,False,nan,nan,nan,False,9.98319984622144
v3_sc0_staging_19,L3,4,11,geometry,False,0,False,False,False,False,False,nan,nan,nan,False,9.98319984622144
v3_sc0_staging_19,L3,4,11,label_only,False,1,False,False,False,False,False,nan,nan,nan,False,9.98319984622144
v3_sc0_staging_19,L3,4,11,pose_only,False,0,False,True,False,False,True,10.217514421272202,1.1313708498984762,0.18027756377319948,True,9.98319984622144
v3_sc0_staging_19,L3,4,11,separate,False,1,False,False,False,False,False,nan,nan,nan,False,9.98319984622144
v3_sc0_staging_19,L3,4,11,joint,False,0,False,True,False,False,True,10.217514421272202,1.3793114224133722,0.223606797749979,True,9.98319984622144
v3_sc0_staging_19,L3,4,11,oracle,False,0,False,True,False,False,True,9.98319984622144,1.1313708498984762,0.20615528128088303,True,9.98319984622144
v3_sc0_staging_19,L3,4,12,uncalibrated,False,0,True,True,False,False,True,6.332842712474619,1.1884864324004714,0.2,True,6.353553390593274
v3_sc0_staging_19,L3,4,12,label_cell,False,0,True,False,False,False,False,nan,nan,nan,False,6.353553390593274
v3_sc0_staging_19,L3,4,12,geometry,False,0,False,False,False,False,False,nan,nan,nan,False,6.353553390593274
v3_sc0_staging_19,L3,4,12,label_only,False,1,False,False,False,False,False,nan,nan,nan,False,6.353553390593274
v3_sc0_staging_19,L3,4,12,pose_only,False,0,False,True,False,False,True,6.332842712474619,1.1884864324004714,0.2,True,6.353553390593274
v3_sc0_staging_19,L3,4,12,separate,False,1,False,False,False,False,False,nan,nan,nan,False,6.353553390593274
v3_sc0_staging_19,L3,4,12,joint,False,0,False,True,False,False,True,6.539949493661166,1.40356688476182,0.2,True,6.353553390593274
v3_sc0_staging_19,L3,4,12,oracle,False,0,False,True,False,False,True,6.353553390593274,1.25,0.25,True,6.353553390593274
v3_sc0_staging_19,L3,4,13,uncalibrated,False,0,True,True,False,False,True,7.832590180780454,1.1313708498984762,0.18027756377319948,True,7.477564927611039
v3_sc0_staging_19,L3,4,13,label_cell,False,0,True,False,False,False,False,nan,nan,nan,False,7.477564927611039
v3_sc0_staging_19,L3,4,13,geometry,False,0,False,False,False,False,False,nan,nan,nan,False,7.477564927611039
v3_sc0_staging_19,L3,4,13,label_only,False,1,False,False,False,False,False,nan,nan,nan,False,7.477564927611039
v3_sc0_staging_19,L3,4,13,pose_only,False,0,False,True,False,False,True,7.832590180780454,1.1313708498984762,0.18027756377319948,True,7.477564927611039
v3_sc0_staging_19,L3,4,13,separate,False,1,False,False,False,False,False,nan,nan,nan,False,7.477564927611039
v3_sc0_staging_19,L3,4,13,joint,False,0,False,True,False,False,True,7.832590180780454,1.3793114224133722,0.223606797749979,True,7.477564927611039
v3_sc0_staging_19,L3,4,13,oracle,False,0,False,True,False,False,True,7.477564927611039,1.1313708498984762,0.20615528128088303,True,7.477564927611039
v3_sc0_staging_19,L3,4,14,uncalibrated,False,0,True,False,False,False,False,nan,nan,nan,False,5.050000000000001
v3_sc0_staging_19,L3,4,14,label_cell,False,0,True,False,False,False,False,nan,nan,nan,False,5.050000000000001
v3_sc0_staging_19,L3,4,14,geometry,False,0,False,False,False,False,False,nan,nan,nan,False,5.050000000000001
v3_sc0_staging_19,L3,4,14,label_only,False,1,False,False,False,False,False,nan,nan,nan,False,5.050000000000001
v3_sc0_staging_19,L3,4,14,pose_only,False,0,False,False,False,False,False,nan,nan,nan,False,5.050000000000001
v3_sc0_staging_19,L3,4,14,separate,False,1,False,False,False,False,False,nan,nan,nan,False,5.050000000000001
v3_sc0_staging_19,L3,4,14,joint,False,0,False,False,False,False,False,nan,nan,nan,False,5.050000000000001
v3_sc0_staging_19,L3,4,14,oracle,False,0,False,True,False,False,True,5.050000000000001,1.5,0.25,True,5.050000000000001
v3_sc0_staging_19,L3,4,15,uncalibrated,False,0,True,True,False,False,True,3.1813708498984763,1.9608671551127579,0.2,True,2.994974746830583
v3_sc0_staging_19,L3,4,15,label_cell,False,0,True,False,False,False,False,nan,nan,nan,False,2.994974746830583
v3_sc0_staging_19,L3,4,15,geometry,False,0,False,False,False,False,False,nan,nan,nan,False,2.994974746830583
v3_sc0_staging_19,L3,4,15,label_only,False,1,False,False,False,False,False,nan,nan,nan,False,2.994974746830583
v3_sc0_staging_19,L3,4,15,pose_only,False,0,False,True,False,False,True,3.1813708498984763,1.9608671551127579,0.2,True,2.994974746830583
v3_sc0_staging_19,L3,4,15,separate,False,1,False,False,False,False,False,nan,nan,nan,False,2.994974746830583
v3_sc0_staging_19,L3,4,15,joint,False,0,False,True,False,False,True,3.1813708498984763,1.9608671551127579,0.2,True,2.994974746830583
v3_sc0_staging_19,L3,4,15,oracle,False,0,False,True,False,False,True,2.994974746830583,1.9608671551127579,0.20615528128088303,True,2.994974746830583
v3_sc0_staging_19,L3,4,16,uncalibrated,False,0,True,True,False,False,True,9.126955262170048,1.1313708498984762,0.18027756377319948,True,8.806244584051393
v3_sc0_staging_19,L3,4,16,label_cell,False,0,True,False,False,False,False,nan,nan,nan,False,8.806244584051393
v3_sc0_staging_19,L3,4,16,geometry,False,0,False,False,False,False,False,nan,nan,nan,False,8.806244584051393
v3_sc0_staging_19,L3,4,16,label_only,False,1,False,False,False,False,False,nan,nan,nan,False,8.806244584051393
v3_sc0_staging_19,L3,4,16,pose_only,False,0,False,True,False,False,True,9.126955262170048,1.1313708498984762,0.18027756377319948,True,8.806244584051393
v3_sc0_staging_19,L3,4,16,separate,False,1,False,False,False,False,False,nan,nan,nan,False,8.806244584051393
v3_sc0_staging_19,L3,4,16,joint,False,0,False,True,False,False,True,9.334062043356596,1.3793114224133722,0.2,True,8.806244584051393
v3_sc0_staging_19,L3,4,16,oracle,False,0,False,True,False,False,True,8.806244584051393,1.1313708498984762,0.20615528128088303,True,8.806244584051393
v3_sc0_staging_19,L3,4,17,uncalibrated,False,0,True,True,False,False,True,4.33700576850888,1.6620770138594663,0.18027756377319948,True,4.2198484809835
v3_sc0_staging_19,L3,4,17,label_cell,False,0,True,False,False,False,False,nan,nan,nan,False,4.2198484809835
v3_sc0_staging_19,L3,4,17,geometry,False,0,False,False,False,False,False,nan,nan,nan,False,4.2198484809835
v3_sc0_staging_19,L3,4,17,label_only,False,1,False,False,False,False,False,nan,nan,nan,False,4.2198484809835
v3_sc0_staging_19,L3,4,17,pose_only,False,0,False,True,False,False,True,4.33700576850888,1.6620770138594663,0.18027756377319948,True,4.2198484809835
v3_sc0_staging_19,L3,4,17,separate,False,1,False,False,False,False,False,nan,nan,nan,False,4.2198484809835
v3_sc0_staging_19,L3,4,17,joint,False,0,False,True,False,False,True,4.33700576850888,1.6620770138594663,0.18027756377319948,True,4.2198484809835
v3_sc0_staging_19,L3,4,17,oracle,False,0,False,True,False,False,True,4.2198484809835,1.6620770138594663,0.20615528128088303,True,4.2198484809835
v3_sc0_staging_19,L3,4,18,uncalibrated,False,0,True,True,False,False,True,4.742031021678296,2.0615528128088303,0.25495097567963926,True,4.595584412271569
v3_sc0_staging_19,L3,4,18,label_cell,False,0,True,False,False,False,False,nan,nan,nan,False,4.595584412271569
v3_sc0_staging_19,L3,4,18,geometry,False,0,False,False,False,False,False,nan,nan,nan,False,4.595584412271569
v3_sc0_staging_19,L3,4,18,label_only,False,1,False,False,False,False,False,nan,nan,nan,False,4.595584412271569
v3_sc0_staging_19,L3,4,18,pose_only,False,0,False,True,False,False,True,4.742031021678296,2.0615528128088303,0.25495097567963926,True,4.595584412271569
v3_sc0_staging_19,L3,4,18,separate,False,1,False,False,False,False,False,nan,nan,nan,False,4.595584412271569
v3_sc0_staging_19,L3,4,18,joint,False,0,False,True,False,False,True,4.742031021678296,2.0615528128088303,0.25495097567963926,True,4.595584412271569
v3_sc0_staging_19,L3,4,18,oracle,False,0,False,True,False,False,True,4.595584412271569,2.109502310972899,0.20615528128088303,True,4.595584412271569
v3_sc0_staging_19,L3,4,19,uncalibrated,False,0,True,True,False,False,True,6.9985281374238575,2.0130822139197395,0.25,True,6.8520815280171306
v3_sc0_staging_19,L3,4,19,label_cell,False,0,True,False,False,False,False,nan,nan,nan,False,6.8520815280171306
v3_sc0_staging_19,L3,4,19,geometry,False,0,False,False,False,False,False,nan,nan,nan,False,6.8520815280171306
v3_sc0_staging_19,L3,4,19,label_only,False,1,False,False,False,False,False,nan,nan,nan,False,6.8520815280171306
v3_sc0_staging_19,L3,4,19,pose_only,False,0,False,True,False,False,True,6.9985281374238575,2.0130822139197395,0.25,True,6.8520815280171306
v3_sc0_staging_19,L3,4,19,separate,False,1,False,False,False,False,False,nan,nan,nan,False,6.8520815280171306
v3_sc0_staging_19,L3,4,19,joint,False,0,False,True,False,False,True,6.9985281374238575,2.0130822139197395,0.25,True,6.8520815280171306
v3_sc0_staging_19,L3,4,19,oracle,False,0,False,True,False,False,True,6.8520815280171306,2.2561028345356955,0.20615528128088303,True,6.8520815280171306
